GEO.id,GEO.id2,GEO.display-label,HC01_EST_VC01,HC01_MOE_VC01,HC02_EST_VC01,HC02_MOE_VC01,HC03_EST_VC01,HC03_MOE_VC01,HC04_EST_VC01,HC04_MOE_VC01,HC01_EST_VC02,HC01_MOE_VC02,HC02_EST_VC02,HC02_MOE_VC02,HC03_EST_VC02,HC03_MOE_VC02,HC04_EST_VC02,HC04_MOE_VC02,HC01_EST_VC03,HC01_MOE_VC03,HC02_EST_VC03,HC02_MOE_VC03,HC03_EST_VC03,HC03_MOE_VC03,HC04_EST_VC03,HC04_MOE_VC03,HC01_EST_VC04,HC01_MOE_VC04,HC02_EST_VC04,HC02_MOE_VC04,HC03_EST_VC04,HC03_MOE_VC04,HC04_EST_VC04,HC04_MOE_VC04,HC01_EST_VC05,HC01_MOE_VC05,HC02_EST_VC05,HC02_MOE_VC05,HC03_EST_VC05,HC03_MOE_VC05,HC04_EST_VC05,HC04_MOE_VC05,HC01_EST_VC06,HC01_MOE_VC06,HC02_EST_VC06,HC02_MOE_VC06,HC03_EST_VC06,HC03_MOE_VC06,HC04_EST_VC06,HC04_MOE_VC06,HC01_EST_VC07,HC01_MOE_VC07,HC02_EST_VC07,HC02_MOE_VC07,HC03_EST_VC07,HC03_MOE_VC07,HC04_EST_VC07,HC04_MOE_VC07,HC01_EST_VC08,HC01_MOE_VC08,HC02_EST_VC08,HC02_MOE_VC08,HC03_EST_VC08,HC03_MOE_VC08,HC04_EST_VC08,HC04_MOE_VC08,HC01_EST_VC09,HC01_MOE_VC09,HC02_EST_VC09,HC02_MOE_VC09,HC03_EST_VC09,HC03_MOE_VC09,HC04_EST_VC09,HC04_MOE_VC09,HC01_EST_VC10,HC01_MOE_VC10,HC02_EST_VC10,HC02_MOE_VC10,HC03_EST_VC10,HC03_MOE_VC10,HC04_EST_VC10,HC04_MOE_VC10,HC01_EST_VC11,HC01_MOE_VC11,HC02_EST_VC11,HC02_MOE_VC11,HC03_EST_VC11,HC03_MOE_VC11,HC04_EST_VC11,HC04_MOE_VC11,HC01_EST_VC13,HC01_MOE_VC13,HC02_EST_VC13,HC02_MOE_VC13,HC03_EST_VC13,HC03_MOE_VC13,HC04_EST_VC13,HC04_MOE_VC13,HC01_EST_VC15,HC01_MOE_VC15,HC02_EST_VC15,HC02_MOE_VC15,HC03_EST_VC15,HC03_MOE_VC15,HC04_EST_VC15,HC04_MOE_VC15,HC01_EST_VC18,HC01_MOE_VC18,HC02_EST_VC18,HC02_MOE_VC18,HC03_EST_VC18,HC03_MOE_VC18,HC04_EST_VC18,HC04_MOE_VC18,HC01_EST_VC19,HC01_MOE_VC19,HC02_EST_VC19,HC02_MOE_VC19,HC03_EST_VC19,HC03_MOE_VC19,HC04_EST_VC19,HC04_MOE_VC19,HC01_EST_VC20,HC01_MOE_VC20,HC02_EST_VC20,HC02_MOE_VC20,HC03_EST_VC20,HC03_MOE_VC20,HC04_EST_VC20,HC04_MOE_VC20
Id,Id2,Geography,Households; Estimate; Total,Households; Margin of Error; Total,Families; Estimate; Total,Families; Margin of Error; Total,Married-couple families; Estimate; Total,Married-couple families; Margin of Error; Total,Nonfamily households; Estimate; Total,Nonfamily households; Margin of Error; Total,"Households; Estimate; Less than $10,000","Households; Margin of Error; Less than $10,000","Families; Estimate; Less than $10,000","Families; Margin of Error; Less than $10,000","Married-couple families; Estimate; Less than $10,000","Married-couple families; Margin of Error; Less than $10,000","Nonfamily households; Estimate; Less than $10,000","Nonfamily households; Margin of Error; Less than $10,000","Households; Estimate; $10,000 to $14,999","Households; Margin of Error; $10,000 to $14,999","Families; Estimate; $10,000 to $14,999","Families; Margin of Error; $10,000 to $14,999","Married-couple families; Estimate; $10,000 to $14,999","Married-couple families; Margin of Error; $10,000 to $14,999","Nonfamily households; Estimate; $10,000 to $14,999","Nonfamily households; Margin of Error; $10,000 to $14,999","Households; Estimate; $15,000 to $24,999","Households; Margin of Error; $15,000 to $24,999","Families; Estimate; $15,000 to $24,999","Families; Margin of Error; $15,000 to $24,999","Married-couple families; Estimate; $15,000 to $24,999","Married-couple families; Margin of Error; $15,000 to $24,999","Nonfamily households; Estimate; $15,000 to $24,999","Nonfamily households; Margin of Error; $15,000 to $24,999","Households; Estimate; $25,000 to $34,999","Households; Margin of Error; $25,000 to $34,999","Families; Estimate; $25,000 to $34,999","Families; Margin of Error; $25,000 to $34,999","Married-couple families; Estimate; $25,000 to $34,999","Married-couple families; Margin of Error; $25,000 to $34,999","Nonfamily households; Estimate; $25,000 to $34,999","Nonfamily households; Margin of Error; $25,000 to $34,999","Households; Estimate; $35,000 to $49,999","Households; Margin of Error; $35,000 to $49,999","Families; Estimate; $35,000 to $49,999","Families; Margin of Error; $35,000 to $49,999","Married-couple families; Estimate; $35,000 to $49,999","Married-couple families; Margin of Error; $35,000 to $49,999","Nonfamily households; Estimate; $35,000 to $49,999","Nonfamily households; Margin of Error; $35,000 to $49,999","Households; Estimate; $50,000 to $74,999","Households; Margin of Error; $50,000 to $74,999","Families; Estimate; $50,000 to $74,999","Families; Margin of Error; $50,000 to $74,999","Married-couple families; Estimate; $50,000 to $74,999","Married-couple families; Margin of Error; $50,000 to $74,999","Nonfamily households; Estimate; $50,000 to $74,999","Nonfamily households; Margin of Error; $50,000 to $74,999","Households; Estimate; $75,000 to $99,999","Households; Margin of Error; $75,000 to $99,999","Families; Estimate; $75,000 to $99,999","Families; Margin of Error; $75,000 to $99,999","Married-couple families; Estimate; $75,000 to $99,999","Married-couple families; Margin of Error; $75,000 to $99,999","Nonfamily households; Estimate; $75,000 to $99,999","Nonfamily households; Margin of Error; $75,000 to $99,999","Households; Estimate; $100,000 to $149,999","Households; Margin of Error; $100,000 to $149,999","Families; Estimate; $100,000 to $149,999","Families; Margin of Error; $100,000 to $149,999","Married-couple families; Estimate; $100,000 to $149,999","Married-couple families; Margin of Error; $100,000 to $149,999","Nonfamily households; Estimate; $100,000 to $149,999","Nonfamily households; Margin of Error; $100,000 to $149,999","Households; Estimate; $150,000 to $199,999","Households; Margin of Error; $150,000 to $199,999","Families; Estimate; $150,000 to $199,999","Families; Margin of Error; $150,000 to $199,999","Married-couple families; Estimate; $150,000 to $199,999","Married-couple families; Margin of Error; $150,000 to $199,999","Nonfamily households; Estimate; $150,000 to $199,999","Nonfamily households; Margin of Error; $150,000 to $199,999","Households; Estimate; $200,000 or more","Households; Margin of Error; $200,000 or more","Families; Estimate; $200,000 or more","Families; Margin of Error; $200,000 or more","Married-couple families; Estimate; $200,000 or more","Married-couple families; Margin of Error; $200,000 or more","Nonfamily households; Estimate; $200,000 or more","Nonfamily households; Margin of Error; $200,000 or more",Households; Estimate; Median income (dollars),Households; Margin of Error; Median income (dollars),Families; Estimate; Median income (dollars),Families; Margin of Error; Median income (dollars),Married-couple families; Estimate; Median income (dollars),Married-couple families; Margin of Error; Median income (dollars),Nonfamily households; Estimate; Median income (dollars),Nonfamily households; Margin of Error; Median income (dollars),Households; Estimate; Mean income (dollars),Households; Margin of Error; Mean income (dollars),Families; Estimate; Mean income (dollars),Families; Margin of Error; Mean income (dollars),Married-couple families; Estimate; Mean income (dollars),Married-couple families; Margin of Error; Mean income (dollars),Nonfamily households; Estimate; Mean income (dollars),Nonfamily households; Margin of Error; Mean income (dollars),Households; Estimate; PERCENT IMPUTED - Household income in the past 12 months,Households; Margin of Error; PERCENT IMPUTED - Household income in the past 12 months,Families; Estimate; PERCENT IMPUTED - Household income in the past 12 months,Families; Margin of Error; PERCENT IMPUTED - Household income in the past 12 months,Married-couple families; Estimate; PERCENT IMPUTED - Household income in the past 12 months,Married-couple families; Margin of Error; PERCENT IMPUTED - Household income in the past 12 months,Nonfamily households; Estimate; PERCENT IMPUTED - Household income in the past 12 months,Nonfamily households; Margin of Error; PERCENT IMPUTED - Household income in the past 12 months,Households; Estimate; PERCENT IMPUTED - Family income in the past 12 months,Households; Margin of Error; PERCENT IMPUTED - Family income in the past 12 months,Families; Estimate; PERCENT IMPUTED - Family income in the past 12 months,Families; Margin of Error; PERCENT IMPUTED - Family income in the past 12 months,Married-couple families; Estimate; PERCENT IMPUTED - Family income in the past 12 months,Married-couple families; Margin of Error; PERCENT IMPUTED - Family income in the past 12 months,Nonfamily households; Estimate; PERCENT IMPUTED - Family income in the past 12 months,Nonfamily households; Margin of Error; PERCENT IMPUTED - Family income in the past 12 months,Households; Estimate; PERCENT IMPUTED - Nonfamily income in the past 12 months,Households; Margin of Error; PERCENT IMPUTED - Nonfamily income in the past 12 months,Families; Estimate; PERCENT IMPUTED - Nonfamily income in the past 12 months,Families; Margin of Error; PERCENT IMPUTED - Nonfamily income in the past 12 months,Married-couple families; Estimate; PERCENT IMPUTED - Nonfamily income in the past 12 months,Married-couple families; Margin of Error; PERCENT IMPUTED - Nonfamily income in the past 12 months,Nonfamily households; Estimate; PERCENT IMPUTED - Nonfamily income in the past 12 months,Nonfamily households; Margin of Error; PERCENT IMPUTED - Nonfamily income in the past 12 months
0500000US01003,01003,"Baldwin County, Alabama",70259,2730,46918,2725,N,N,23341,2709,6.6,2.2,4.7,2.7,N,N,12.2,3.7,5.3,1.3,3.3,1.3,N,N,9.3,3.0,14.5,2.4,9.5,3.1,N,N,26.1,5.5,11.1,2.4,7.2,2.1,N,N,17.2,4.7,16.8,2.9,16.3,3.1,N,N,17.5,4.9,16.6,2.9,19.5,3.5,N,N,10.7,3.5,11.4,2.1,14.5,3.2,N,N,4.4,1.8,10.4,1.9,14.6,2.6,N,N,2.0,1.4,3.4,1.4,4.8,2.1,N,N,0.2,0.3,3.9,1.4,5.6,2.0,N,N,0.4,0.6,44874,4150,59569,5488,67094,4741,26810,4182,65071,4760,80399,6618,N,N,32771,2987,29.2,(X),(X),(X),(X),(X),(X),(X),(X),(X),30.0,(X),(X),(X),(X),(X),(X),(X),(X),(X),(X),(X),27.4,(X)
0500000US01015,01015,"Calhoun County, Alabama",43851,1874,28572,2139,18103,1561,15279,1712,14.0,2.8,11.0,3.3,3.7,2.0,19.8,5.1,7.3,2.0,3.8,2.1,2.8,1.9,14.9,4.1,12.2,2.7,9.8,2.9,7.2,3.1,17.4,5.0,15.3,3.2,13.8,4.5,8.7,3.5,20.3,4.8,15.5,2.8,15.3,3.1,18.9,4.4,13.6,4.3,17.1,2.7,20.8,3.7,24.0,4.2,8.3,3.0,8.7,1.7,12.5,2.4,15.4,3.4,2.9,1.9,6.6,1.5,9.0,2.3,13.5,3.4,1.3,1.3,1.8,0.9,2.3,1.3,3.6,2.0,0.3,0.6,1.4,0.9,1.5,1.1,2.1,1.6,1.1,1.9,36205,3402,45486,5100,58557,5153,23678,2996,48969,3490,57820,5299,N,N,30925,5415,31.2,(X),(X),(X),(X),(X),(X),(X),(X),(X),32.0,(X),(X),(X),(X),(X),(X),(X),(X),(X),(X),(X),29.4,(X)
0500000US01043,01043,"Cullman County, Alabama",32225,1220,23822,1485,N,N,8403,1229,12.0,3.0,7.4,3.1,N,N,25.8,6.4,5.6,1.8,2.2,1.3,N,N,15.1,6.2,12.4,2.8,9.6,2.6,N,N,21.5,7.0,11.2,2.8,12.4,3.4,N,N,7.9,5.3,19.4,4.4,19.7,5.0,N,N,19.0,7.2,17.6,3.5,20.9,4.2,N,N,6.0,4.9,9.5,3.0,11.4,3.7,N,N,4.0,3.2,8.3,2.8,11.1,3.8,N,N,0.5,0.7,2.2,1.0,2.8,1.3,N,N,0.0,1.8,1.9,1.0,2.5,1.4,N,N,0.1,0.2,39936,3154,47541,6675,56949,6793,17398,3493,53101,3590,62523,4526,N,N,25221,2908,23.9,(X),(X),(X),(X),(X),(X),(X),(X),(X),21.3,(X),(X),(X),(X),(X),(X),(X),(X),(X),(X),(X),29.5,(X)
0500000US01049,01049,"DeKalb County, Alabama",22754,1532,16208,1551,N,N,6546,1106,8.4,2.4,4.2,1.9,N,N,18.7,7.3,6.7,2.3,3.0,1.9,N,N,16.3,6.4,15.9,3.8,9.7,3.2,N,N,34.8,9.8,11.1,3.2,10.2,3.7,N,N,12.8,5.8,20.6,4.4,26.0,5.8,N,N,4.6,3.7,19.9,4.4,24.5,5.7,N,N,8.3,7.1,9.4,3.1,11.5,3.8,N,N,4.0,4.7,6.4,2.6,8.8,3.7,N,N,0.5,0.6,0.9,0.8,1.3,1.2,N,N,0.0,2.3,0.6,0.5,0.8,0.7,N,N,0.0,2.3,40876,7020,48241,3270,52382,4909,18536,3117,47583,4003,56123,4207,N,N,25085,5190,22.5,(X),(X),(X),(X),(X),(X),(X),(X),(X),21.7,(X),(X),(X),(X),(X),(X),(X),(X),(X),(X),(X),23.9,(X)
0500000US01051,01051,"Elmore County, Alabama",28292,1265,19815,1956,N,N,8477,1603,6.9,2.8,3.3,2.5,N,N,15.4,6.9,5.4,2.2,2.2,2.2,N,N,12.9,5.2,9.1,2.7,7.1,2.7,N,N,15.0,6.9,13.3,3.9,13.3,5.1,N,N,16.6,6.6,14.7,3.4,13.3,3.9,N,N,14.2,6.5,21.2,3.8,22.1,4.5,N,N,19.3,6.3,13.7,3.7,16.9,4.7,N,N,5.5,4.4,11.9,3.2,16.5,4.5,N,N,1.0,1.7,2.0,1.2,2.8,1.7,N,N,0.0,1.8,1.8,1.1,2.6,1.6,N,N,0.0,1.8,50699,6535,61597,6101,72598,4915,30345,6920,62534,5390,74498,8119,N,N,33321,4460,30.0,(X),(X),(X),(X),(X),(X),(X),(X),(X),30.9,(X),(X),(X),(X),(X),(X),(X),(X),(X),(X),(X),27.9,(X)
0500000US01055,01055,"Etowah County, Alabama",40135,1398,28084,1434,N,N,12051,1332,9.6,2.0,6.4,2.1,N,N,20.0,5.9,7.6,2.1,4.7,2.3,N,N,13.1,4.6,16.6,3.1,11.4,2.8,N,N,29.2,7.7,11.5,2.3,10.8,2.6,N,N,13.2,4.7,14.9,2.3,16.9,3.0,N,N,10.5,3.8,19.1,3.0,21.9,3.6,N,N,10.4,5.0,9.6,1.8,12.9,2.5,N,N,2.0,1.7,8.3,1.9,11.6,2.6,N,N,1.2,1.5,1.7,0.8,2.2,1.1,N,N,0.0,1.3,1.0,0.6,1.2,0.8,N,N,0.6,0.8,39459,4190,49858,3041,60491,4270,19685,2405,50005,2725,59101,3561,N,N,27483,3165,34.9,(X),(X),(X),(X),(X),(X),(X),(X),(X),35.1,(X),(X),(X),(X),(X),(X),(X),(X),(X),(X),(X),33.4,(X)
0500000US01069,01069,"Houston County, Alabama",40448,776,26300,1002,17985,876,14148,813,9.9,1.2,7.2,1.1,1.3,0.6,16.8,2.6,7.6,1.1,4.1,1.2,1.3,0.9,14.3,2.8,14.3,1.4,9.5,1.4,6.1,1.4,23.0,3.1,12.9,1.5,12.0,1.9,10.4,1.9,14.4,2.6,16.5,1.5,17.2,2.1,18.1,2.9,13.5,2.4,15.2,1.5,18.5,2.2,21.1,2.6,9.2,2.0,12.2,1.7,15.7,2.2,21.1,3.0,5.3,2.3,7.2,1.2,10.1,1.6,13.1,2.4,1.7,1.0,1.8,0.4,2.4,0.6,3.1,0.8,0.6,0.6,2.5,0.6,3.3,0.8,4.4,1.1,1.0,0.5,39006,2192,50032,2458,64383,3606,22328,2443,54174,2003,64611,2732,N,N,33679,3169,32.0,(X),(X),(X),(X),(X),(X),(X),(X),(X),31.4,(X),(X),(X),(X),(X),(X),(X),(X),(X),(X),(X),31.9,(X)
0500000US01073,01073,"Jefferson County, Alabama",257398,4051,161960,4566,102313,3977,95438,4223,10.5,1.0,6.7,1.0,1.6,0.5,17.9,2.0,6.3,0.8,4.0,0.8,1.4,0.7,10.8,1.5,11.7,1.0,9.0,1.2,5.3,0.9,17.1,2.1,11.0,1.1,9.5,1.1,7.3,1.1,13.7,2.0,14.1,1.1,13.6,1.3,12.1,1.5,14.5,2.1,17.6,1.2,18.7,1.5,19.9,1.8,15.0,1.6,9.6,0.9,12.4,1.3,15.6,2.0,4.8,1.0,11.0,1.0,15.0,1.5,20.5,2.3,3.2,1.0,3.9,0.6,5.3,0.9,7.5,1.3,1.4,0.7,4.2,0.6,5.8,0.8,8.9,1.3,1.6,0.9,45013,1634,59172,2521,80143,4635,27153,1706,66732,2301,81526,3433,104494,5086,40078,2979,34.0,(X),(X),(X),(X),(X),(X),(X),(X),(X),35.8,(X),(X),(X),(X),(X),(X),(X),(X),(X),(X),(X),29.8,(X)
0500000US01077,01077,"Lauderdale County, Alabama",39433,1143,25752,1506,N,N,13681,1397,8.8,2.2,6.3,2.9,N,N,17.2,5.1,8.1,2.2,2.8,1.7,N,N,18.3,6.0,13.1,2.5,9.6,2.9,N,N,17.1,4.6,9.3,2.3,7.9,2.5,N,N,13.4,4.5,18.4,3.6,18.7,4.1,N,N,16.4,5.7,19.9,3.3,24.7,4.1,N,N,10.9,4.4,9.6,2.3,12.3,3.4,N,N,4.5,2.6,9.2,2.6,12.7,3.7,N,N,1.2,1.3,1.6,0.8,2.5,1.2,N,N,0.0,1.1,2.0,1.2,2.5,1.7,N,N,1.0,1.6,43891,1975,55391,7524,62459,4604,22937,4034,55690,4384,67627,6208,N,N,30943,4176,39.3,(X),(X),(X),(X),(X),(X),(X),(X),(X),40.6,(X),(X),(X),(X),(X),(X),(X),(X),(X),(X),(X),36.9,(X)
0500000US01081,01081,"Lee County, Alabama",56840,1864,36388,2279,N,N,20452,2015,12.2,2.0,7.1,2.5,N,N,21.9,4.5,5.5,1.6,2.2,1.2,N,N,11.9,3.6,12.8,2.7,12.9,3.5,N,N,14.6,4.5,10.5,2.1,9.2,2.4,N,N,11.9,4.2,12.0,2.1,12.6,3.0,N,N,12.1,4.1,15.1,2.6,15.6,3.0,N,N,13.5,5.0,11.6,2.2,14.1,2.7,N,N,6.8,3.1,14.5,2.9,17.7,3.7,N,N,6.8,3.6,2.6,0.9,4.1,1.4,N,N,0.0,0.7,3.0,1.1,4.5,1.7,N,N,0.4,0.7,46068,4329,59203,7894,77433,8661,27846,6904,64697,5518,78764,7933,N,N,37181,4725,29.7,(X),(X),(X),(X),(X),(X),(X),(X),(X),29.0,(X),(X),(X),(X),(X),(X),(X),(X),(X),(X),(X),29.5,(X)
0500000US01083,01083,"Limestone County, Alabama",32879,1013,23209,1553,N,N,9670,1306,8.5,2.8,5.5,2.4,N,N,16.2,7.2,5.9,2.0,3.8,1.7,N,N,11.2,5.4,10.9,3.1,9.2,3.3,N,N,17.0,7.2,12.9,3.0,10.8,3.8,N,N,17.7,6.0,13.2,3.0,14.4,3.4,N,N,11.0,5.1,17.8,3.8,16.4,4.7,N,N,18.6,6.5,10.4,2.5,13.4,3.4,N,N,3.8,2.8,13.2,3.2,17.0,4.5,N,N,3.7,2.6,5.3,1.9,7.5,2.7,N,N,0.2,0.3,1.6,1.2,2.0,1.5,N,N,0.8,1.1,48639,4044,57378,6932,71338,8467,27326,5377,64393,6350,73677,6398,N,N,40666,12626,27.8,(X),(X),(X),(X),(X),(X),(X),(X),(X),25.6,(X),(X),(X),(X),(X),(X),(X),(X),(X),(X),(X),31.1,(X)
0500000US01089,01089,"Madison County, Alabama",137072,2423,89867,3085,66039,3135,47205,2967,6.1,1.2,4.2,1.0,0.9,0.7,11.9,2.7,5.6,1.1,3.1,1.0,1.8,1.1,9.1,2.2,8.9,1.2,7.4,1.5,2.9,0.9,13.3,2.5,9.9,1.1,8.5,1.4,5.3,1.5,11.5,2.3,13.3,1.5,11.1,1.7,9.5,2.0,16.9,2.8,17.5,1.6,16.9,1.8,19.1,2.2,18.2,3.1,11.4,1.4,13.5,1.9,16.3,2.4,7.3,1.9,16.6,1.6,20.4,2.0,24.9,2.6,9.0,2.5,5.9,1.0,8.3,1.4,10.7,1.8,1.4,0.9,4.9,0.9,6.6,1.3,8.5,1.7,1.3,1.3,58076,2427,73377,3597,89878,4401,37098,2210,78462,3327,93240,4713,N,N,48279,4347,26.1,(X),(X),(X),(X),(X),(X),(X),(X),(X),26.3,(X),(X),(X),(X),(X),(X),(X),(X),(X),(X),(X),23.8,(X)
0500000US01095,01095,"Marshall County, Alabama",33738,1383,24447,1591,17879,1422,9291,1207,9.3,2.2,5.5,2.2,1.0,0.7,20.8,6.6,6.8,1.8,3.2,1.2,1.6,1.0,15.3,5.8,17.1,3.2,15.1,3.8,9.9,3.8,24.8,5.8,13.8,3.1,11.7,3.4,10.5,3.7,20.8,6.2,14.0,3.1,15.0,3.5,16.8,4.6,8.7,3.9,19.2,3.7,24.0,4.6,28.4,5.4,5.3,3.1,8.3,2.0,10.5,2.7,13.2,3.4,2.5,2.4,7.2,2.1,9.3,2.8,11.6,4.0,1.3,1.1,2.2,0.9,3.0,1.3,4.1,1.7,0.2,0.2,2.0,1.0,2.7,1.4,2.9,1.6,0.1,0.2,38116,3568,49385,4863,60021,4121,19984,3091,53020,4391,62958,5524,N,N,25147,3046,36.5,(X),(X),(X),(X),(X),(X),(X),(X),(X),36.0,(X),(X),(X),(X),(X),(X),(X),(X),(X),(X),(X),37.1,(X)
0500000US01097,01097,"Mobile County, Alabama",148025,3155,101665,3657,67065,3168,46360,3326,10.9,1.3,8.2,1.3,2.5,0.9,18.0,2.9,7.4,1.1,4.0,0.9,1.8,0.6,14.9,2.5,13.7,1.5,12.2,1.9,8.1,1.9,18.7,3.0,10.4,1.3,8.9,1.5,6.7,1.5,13.3,2.5,13.6,1.3,13.9,1.7,14.1,2.4,12.7,2.2,18.7,1.6,21.6,2.3,25.8,2.9,11.9,2.0,10.6,1.1,12.6,1.5,15.4,2.1,5.0,1.7,10.8,1.3,13.7,1.8,18.6,2.2,4.0,1.8,2.1,0.6,2.5,0.7,3.7,1.1,0.5,0.5,2.0,0.6,2.4,0.8,3.2,0.9,1.0,0.7,42944,2180,51495,1311,65024,3726,23756,2448,55932,1971,64028,2614,77708,3041,35811,3376,35.7,(X),(X),(X),(X),(X),(X),(X),(X),(X),36.2,(X),(X),(X),(X),(X),(X),(X),(X),(X),(X),(X),33.4,(X)
0500000US01101,01101,"Montgomery County, Alabama",87996,2275,55050,2672,32582,2316,32946,2084,11.3,1.8,9.2,2.1,2.0,1.1,16.1,3.7,7.1,1.2,4.1,1.3,1.8,0.9,12.0,2.7,11.1,1.5,9.5,1.8,3.6,1.5,14.7,2.5,10.3,1.8,8.8,2.1,5.9,2.3,13.3,3.2,14.7,2.0,12.8,2.3,10.6,2.4,18.3,3.6,15.6,2.0,16.4,2.5,18.7,3.2,13.5,2.8,11.9,1.6,13.1,2.2,17.9,3.0,8.4,2.4,11.1,1.5,16.1,2.3,23.8,3.3,2.4,1.1,3.8,0.9,5.8,1.4,9.0,2.2,0.4,0.4,3.0,0.9,4.4,1.4,6.8,2.2,0.8,0.6,44675,2252,59316,4957,83400,4017,31090,1795,63039,3364,76292,4826,101413,6626,38586,3281,35.5,(X),(X),(X),(X),(X),(X),(X),(X),(X),41.1,(X),(X),(X),(X),(X),(X),(X),(X),(X),(X),(X),25.1,(X)
0500000US01103,01103,"Morgan County, Alabama",46779,1340,32793,2044,N,N,13986,1721,9.5,2.3,3.9,2.0,N,N,23.0,5.6,8.0,2.1,7.4,2.7,N,N,12.6,5.4,11.2,2.6,10.6,3.1,N,N,13.1,4.6,13.1,2.8,12.0,3.0,N,N,15.5,5.4,13.6,2.3,12.9,2.9,N,N,13.6,3.8,19.3,2.7,22.6,3.7,N,N,9.6,3.8,10.3,2.5,11.7,3.0,N,N,7.0,3.8,9.4,2.0,11.9,2.5,N,N,3.5,2.6,4.0,1.4,4.7,1.8,N,N,2.2,2.1,1.5,0.7,2.2,1.0,N,N,0.0,1.1,43169,4150,54437,4276,61859,3357,25536,3927,57992,4912,67138,6325,N,N,34900,5162,27.0,(X),(X),(X),(X),(X),(X),(X),(X),(X),26.8,(X),(X),(X),(X),(X),(X),(X),(X),(X),(X),(X),23.7,(X)
0500000US01115,01115,"St. Clair County, Alabama",31769,1447,22975,1873,N,N,8794,1459,6.7,2.4,3.5,1.9,N,N,15.0,6.8,5.3,2.5,3.9,2.9,N,N,9.0,5.0,8.3,2.6,7.8,3.4,N,N,10.2,5.7,11.6,2.7,8.7,3.1,N,N,19.1,7.0,15.0,3.9,13.1,4.0,N,N,19.7,8.7,20.9,4.4,25.5,5.5,N,N,11.1,6.1,15.5,3.7,18.5,5.1,N,N,7.3,5.5,10.5,2.8,12.8,3.5,N,N,3.8,3.4,2.4,1.5,1.9,1.5,N,N,2.6,3.9,3.7,2.0,4.3,2.6,N,N,2.2,3.1,53803,4543,63092,6063,69647,9002,31507,7303,66485,5775,73567,7113,N,N,45903,10515,35.6,(X),(X),(X),(X),(X),(X),(X),(X),(X),36.0,(X),(X),(X),(X),(X),(X),(X),(X),(X),(X),(X),34.3,(X)
0500000US01117,01117,"Shelby County, Alabama",73694,1900,52547,2455,44060,2460,21147,2049,3.9,1.1,2.5,1.2,1.2,1.0,7.4,2.4,2.5,1.0,0.6,0.5,0.5,0.5,7.0,2.9,8.1,1.5,5.0,1.3,4.5,1.6,15.6,4.2,9.0,1.3,6.7,1.6,5.3,1.7,15.9,3.8,12.7,1.9,9.7,1.9,7.3,2.0,18.6,5.1,18.5,2.2,19.6,2.9,18.7,2.8,17.4,4.1,15.1,2.4,18.1,2.9,19.9,3.2,6.6,2.7,16.7,2.2,19.8,2.7,22.0,2.9,8.6,3.5,8.2,1.3,11.0,1.9,12.6,2.3,1.4,0.9,5.3,0.9,6.8,1.3,8.0,1.5,1.4,1.2,67800,3396,81526,3565,90160,4631,36680,2873,86192,3568,100536,4872,N,N,49860,4340,24.4,(X),(X),(X),(X),(X),(X),(X),(X),(X),24.9,(X),(X),(X),(X),(X),(X),(X),(X),(X),(X),(X),23.2,(X)
0500000US01121,01121,"Talladega County, Alabama",31598,1227,22175,1527,N,N,9423,1252,11.2,3.2,8.1,3.3,N,N,21.1,7.9,4.7,2.0,1.2,1.1,N,N,13.0,5.0,14.9,3.0,12.1,3.2,N,N,22.7,6.8,16.2,2.9,17.1,3.9,N,N,11.4,4.8,15.7,3.4,16.0,4.3,N,N,16.6,5.1,15.8,3.4,18.0,4.0,N,N,10.5,4.6,9.6,3.0,12.2,4.1,N,N,1.6,2.1,7.2,2.2,8.9,3.0,N,N,3.2,2.9,3.0,1.7,4.0,2.2,N,N,0.0,1.6,1.7,1.2,2.4,1.7,N,N,0.0,1.6,37719,3980,45253,4385,60750,10393,21708,4813,53031,5179,62089,6681,N,N,28891,4761,36.8,(X),(X),(X),(X),(X),(X),(X),(X),(X),37.5,(X),(X),(X),(X),(X),(X),(X),(X),(X),(X),(X),33.4,(X)
0500000US01125,01125,"Tuscaloosa County, Alabama",69291,2168,46356,2340,32236,2432,22935,1940,9.4,1.7,5.6,1.9,0.9,0.9,18.1,4.2,6.6,1.5,4.3,1.5,1.5,1.0,12.2,3.2,11.8,1.9,8.5,2.4,5.1,1.8,19.8,3.8,9.8,2.2,9.6,2.5,6.3,1.9,11.9,3.6,16.3,2.4,14.6,2.8,13.4,3.1,17.9,4.1,17.6,2.7,18.2,3.1,20.4,3.9,13.6,4.0,12.9,1.7,17.1,2.6,21.5,3.4,4.6,2.0,10.8,1.7,15.3,2.4,21.1,3.3,1.6,1.1,2.6,0.7,3.8,1.1,5.3,1.6,0.0,0.7,2.2,0.8,3.1,1.2,4.5,1.7,0.4,0.4,46538,2485,59058,3842,76628,2925,24915,2924,59774,3605,72405,5090,N,N,31902,2821,40.8,(X),(X),(X),(X),(X),(X),(X),(X),(X),42.1,(X),(X),(X),(X),(X),(X),(X),(X),(X),(X),(X),36.0,(X)
0500000US01127,01127,"Walker County, Alabama",24963,1199,17877,1413,N,N,7086,894,9.7,2.8,4.9,2.2,N,N,22.1,7.5,10.8,3.6,7.3,3.8,N,N,21.7,7.2,16.7,3.5,14.0,4.0,N,N,25.5,7.0,13.1,3.1,13.8,4.0,N,N,9.9,5.3,13.7,3.3,16.3,4.2,N,N,7.7,4.8,17.9,4.4,21.0,5.2,N,N,7.8,4.7,7.7,2.3,8.6,2.8,N,N,4.4,3.2,7.5,2.4,10.3,3.3,N,N,0.0,2.1,1.7,0.9,2.3,1.2,N,N,0.0,2.1,1.4,1.0,1.6,1.3,N,N,0.8,1.3,34810,6404,45089,4812,51554,3805,16747,2694,47711,3997,55537,4959,N,N,25513,4401,35.4,(X),(X),(X),(X),(X),(X),(X),(X),(X),37.1,(X),(X),(X),(X),(X),(X),(X),(X),(X),(X),(X),30.9,(X)
0500000US02020,02020,"Anchorage Municipality, Alaska",103445,2136,71432,2856,54592,2830,32013,2895,2.4,0.8,1.4,0.7,0.3,0.4,6.0,2.3,2.4,1.0,0.9,0.6,0.7,0.6,6.0,2.8,5.1,1.1,2.3,0.9,1.0,0.6,11.8,2.9,5.4,1.3,4.1,1.4,2.5,1.2,8.9,3.1,12.6,1.7,10.8,1.8,8.4,2.0,16.9,3.6,18.9,2.1,17.9,2.7,15.3,2.9,23.4,3.7,15.3,1.7,18.2,2.1,19.0,2.4,9.1,2.4,20.8,1.9,22.7,2.6,25.8,3.2,12.2,2.9,9.1,1.6,11.0,2.1,13.6,2.5,4.2,1.9,8.0,1.2,10.8,1.8,13.3,2.4,1.4,0.7,79045,4404,90480,5230,103899,5260,50414,4756,99591,3724,112538,5319,N,N,64298,4729,25.3,(X),(X),(X),(X),(X),(X),(X),(X),(X),25.9,(X),(X),(X),(X),(X),(X),(X),(X),(X),(X),(X),21.6,(X)
0500000US02090,02090,"Fairbanks North Star Borough, Alaska",34056,1790,18462,1760,N,N,15594,1829,2.8,1.6,2.0,1.7,N,N,5.4,3.5,5.0,2.1,1.7,1.2,N,N,8.9,4.0,9.8,2.7,4.7,2.1,N,N,15.9,5.7,6.1,2.2,3.2,1.7,N,N,9.9,4.5,11.7,3.4,6.2,2.6,N,N,16.9,6.1,20.8,4.7,19.4,5.5,N,N,23.1,8.1,13.7,3.0,16.5,3.8,N,N,10.1,4.8,18.8,4.2,27.3,6.0,N,N,8.2,4.2,6.1,2.1,9.6,3.6,N,N,1.4,1.3,5.2,2.4,9.4,4.4,N,N,0.2,0.4,69113,4914,91372,10605,101142,6120,44654,11131,82347,7269,106617,11515,N,N,51506,5376,24.6,(X),(X),(X),(X),(X),(X),(X),(X),(X),28.9,(X),(X),(X),(X),(X),(X),(X),(X),(X),(X),(X),17.7,(X)
0500000US02170,02170,"Matanuska-Susitna Borough, Alaska",30272,818,21532,990,17912,955,8740,810,4.0,1.1,2.5,0.9,0.5,0.5,9.6,3.6,5.4,1.5,1.9,1.0,0.9,0.7,13.8,3.5,7.2,1.4,4.4,1.3,3.7,1.3,14.6,3.5,5.9,1.3,4.8,1.2,4.2,1.2,9.8,3.0,10.5,1.8,8.8,1.9,8.1,2.1,14.8,3.7,19.5,2.7,20.4,2.9,19.2,3.3,15.7,3.5,16.8,2.2,19.2,2.7,21.0,3.1,10.0,3.4,18.1,2.0,22.7,2.7,24.5,3.0,6.7,2.6,8.3,1.5,10.2,2.1,11.9,2.5,3.0,1.7,4.2,1.0,5.0,1.3,5.9,1.6,2.0,1.7,72122,3128,83506,3975,89239,4526,36526,4441,83845,3968,95585,4859,N,N,51580,6807,37.0,(X),(X),(X),(X),(X),(X),(X),(X),(X),36.5,(X),(X),(X),(X),(X),(X),(X),(X),(X),(X),(X),36.9,(X)
0500000US04001,04001,"Apache County, Arizona",17948,977,12099,1029,6492,881,5849,809,19.9,2.5,15.0,2.9,5.7,2.2,34.7,6.8,10.4,2.4,10.7,2.7,11.0,4.3,11.7,5.2,14.4,3.0,14.3,3.4,7.5,3.6,15.1,5.9,13.5,2.8,11.6,2.8,11.9,4.3,16.0,8.0,12.0,2.7,14.1,3.3,14.5,4.7,7.0,4.7,17.8,3.0,18.6,3.9,22.0,6.0,12.6,6.4,6.7,2.5,8.1,3.5,14.5,6.2,2.2,2.5,3.7,1.9,5.2,2.8,8.5,5.1,0.4,0.5,1.4,1.0,2.0,1.5,3.6,2.7,0.3,0.6,0.3,0.3,0.4,0.4,0.7,0.8,0.0,2.9,29180,2521,33399,5592,49423,6872,18489,6446,38066,2727,42704,3892,56647,6167,24480,3255,42.3,(X),(X),(X),(X),(X),(X),(X),(X),(X),43.6,(X),(X),(X),(X),(X),(X),(X),(X),(X),(X),(X),37.4,(X)
0500000US04003,04003,"Cochise County, Arizona",48368,2081,32816,2068,25246,1900,15552,1660,10.4,2.1,7.3,2.4,5.0,2.0,18.4,5.6,7.0,1.8,6.8,2.2,4.1,2.0,7.8,2.7,9.4,2.1,6.4,1.9,6.3,2.2,15.9,4.4,11.9,2.3,11.5,2.9,9.3,2.7,12.5,3.5,13.5,2.7,11.3,2.8,13.1,3.4,18.0,5.3,17.7,2.8,20.5,3.6,20.1,3.9,14.2,4.6,11.0,2.1,12.4,2.6,13.9,3.3,5.9,2.9,12.5,2.3,15.8,3.1,18.5,3.9,4.9,2.6,3.3,1.4,3.8,1.9,4.9,2.4,1.1,1.5,3.3,1.5,4.2,2.2,4.8,2.8,1.4,1.1,46647,3806,56857,5557,66992,5654,30524,4753,62559,4024,70030,5886,N,N,43177,6622,40.3,(X),(X),(X),(X),(X),(X),(X),(X),(X),41.8,(X),(X),(X),(X),(X),(X),(X),(X),(X),(X),(X),36.8,(X)
0500000US04005,04005,"Coconino County, Arizona",49002,1749,31131,2185,21567,1990,17871,1867,10.0,2.1,5.7,1.9,1.7,0.8,18.8,4.2,7.2,2.2,4.7,2.2,4.3,2.7,11.5,4.3,8.6,2.1,9.4,2.8,2.7,1.2,12.6,4.1,12.2,2.4,10.7,2.3,9.4,2.8,14.3,5.0,11.3,2.5,11.4,2.8,10.2,3.3,12.0,4.4,18.8,3.0,19.0,3.6,20.1,4.0,16.5,4.9,13.6,2.4,16.2,3.2,20.9,4.3,5.6,2.6,11.3,1.8,12.7,2.2,16.8,3.2,7.8,2.9,4.7,1.5,6.8,2.4,9.3,3.3,0.8,0.9,2.2,1.1,3.5,1.7,4.6,2.5,0.1,0.2,50637,4486,59716,3415,77079,5893,30737,3735,68635,8836,83075,13462,N,N,39258,3813,35.1,(X),(X),(X),(X),(X),(X),(X),(X),(X),34.0,(X),(X),(X),(X),(X),(X),(X),(X),(X),(X),(X),32.3,(X)
0500000US04013,04013,"Maricopa County, Arizona",1425393,8881,936183,8965,676090,9020,489210,8430,7.1,0.4,5.6,0.4,2.6,0.3,12.1,0.8,4.8,0.3,3.1,0.3,1.7,0.3,8.3,0.7,10.8,0.4,8.4,0.5,6.0,0.5,15.8,0.8,10.4,0.4,9.2,0.5,7.8,0.5,13.3,0.8,14.4,0.5,13.5,0.5,11.8,0.5,16.1,0.9,18.4,0.5,19.0,0.6,19.6,0.7,16.1,1.0,12.0,0.4,13.8,0.5,15.9,0.6,8.0,0.7,12.9,0.5,15.6,0.6,19.3,0.8,7.0,0.6,4.8,0.2,6.1,0.3,7.8,0.5,1.6,0.2,4.4,0.3,5.7,0.3,7.6,0.5,1.7,0.3,52045,553,62060,902,75778,1383,35318,831,72078,906,82390,1232,96382,1690,48490,1310,32.9,(X),(X),(X),(X),(X),(X),(X),(X),(X),33.4,(X),(X),(X),(X),(X),(X),(X),(X),(X),(X),(X),30.2,(X)
0500000US04015,04015,"Mohave County, Arizona",81257,3401,49909,3330,38309,2845,31348,2913,8.3,1.6,6.4,2.0,3.2,1.3,13.7,3.3,5.9,1.6,2.5,1.1,1.6,1.1,10.8,3.0,14.8,2.3,10.4,2.5,8.4,2.5,23.7,4.5,16.0,2.3,14.0,2.6,12.8,2.9,18.8,4.4,15.9,2.0,17.7,2.6,18.1,3.1,13.1,3.8,19.8,2.6,22.5,3.0,23.7,3.3,14.5,4.0,9.9,1.7,13.4,2.6,16.0,3.0,3.2,1.5,6.5,1.5,9.3,2.3,11.8,2.9,1.4,1.0,1.7,0.7,2.4,1.1,3.1,1.5,0.6,0.7,1.0,0.5,1.5,0.8,1.4,0.9,0.3,0.5,39058,2478,48773,3948,53544,2941,25828,2231,50777,3449,61082,5027,N,N,32183,2791,37.3,(X),(X),(X),(X),(X),(X),(X),(X),(X),38.1,(X),(X),(X),(X),(X),(X),(X),(X),(X),(X),(X),34.2,(X)
0500000US04017,04017,"Navajo County, Arizona",34147,1628,25103,1639,16156,1532,9044,1239,16.7,2.9,14.8,2.8,6.3,2.6,26.6,7.1,6.9,2.0,6.1,2.3,3.7,2.1,9.9,3.6,10.8,1.8,11.1,2.3,9.0,2.8,10.6,3.8,12.8,2.6,12.2,3.0,12.5,3.5,12.3,4.3,13.3,2.2,13.8,2.8,14.8,3.5,12.0,4.4,18.5,2.6,18.6,2.9,19.9,3.8,15.0,4.7,10.1,2.5,10.1,2.7,14.4,3.8,9.7,6.4,8.5,2.2,9.9,2.7,14.9,4.1,3.9,3.4,1.6,0.9,2.2,1.2,2.5,1.6,0.0,1.9,1.0,0.8,1.3,1.0,2.0,1.6,0.0,1.9,38400,3836,41071,1831,54116,5247,26866,6641,48863,3499,52584,4111,N,N,34846,5092,42.3,(X),(X),(X),(X),(X),(X),(X),(X),(X),45.7,(X),(X),(X),(X),(X),(X),(X),(X),(X),(X),(X),29.6,(X)
0500000US04019,04019,"Pima County, Arizona",391975,4189,239428,5454,166371,4374,152547,5128,8.6,0.8,5.7,0.9,2.1,0.6,14.7,1.6,6.5,0.7,4.4,0.7,2.3,0.6,10.6,1.3,13.7,1.0,10.2,1.0,6.0,0.9,19.5,1.6,11.6,0.9,10.6,1.0,7.9,1.0,13.7,1.6,15.4,0.9,14.7,1.1,14.2,1.2,16.2,1.4,17.2,1.0,20.0,1.2,22.5,1.7,12.4,1.5,10.5,0.7,12.9,1.0,15.8,1.3,6.1,1.0,10.2,0.8,13.2,1.1,17.7,1.5,4.1,0.8,3.4,0.4,4.6,0.6,6.1,0.8,1.6,0.5,2.8,0.4,3.8,0.6,5.3,0.8,1.0,0.4,43824,1116,55220,1683,69277,2403,28637,1458,61719,1944,73209,3001,88492,4267,40769,2221,27.0,(X),(X),(X),(X),(X),(X),(X),(X),(X),27.9,(X),(X),(X),(X),(X),(X),(X),(X),(X),(X),(X),23.8,(X)
0500000US04021,04021,"Pinal County, Arizona",128036,3708,93746,4220,70356,3819,34290,3037,6.1,0.9,5.5,1.3,2.3,0.9,12.4,2.1,4.2,1.1,2.9,0.9,1.4,0.5,7.6,2.8,12.7,1.6,9.8,1.7,6.9,1.5,21.9,3.5,11.2,1.3,10.8,1.7,10.0,1.9,12.7,3.0,15.9,1.6,16.9,2.0,15.9,2.3,13.5,2.7,21.0,2.0,20.9,2.4,22.9,2.8,19.0,3.9,13.7,1.8,16.3,2.3,19.6,3.0,5.6,1.6,10.3,1.3,11.3,1.7,14.0,2.1,5.5,2.0,2.9,0.8,3.3,1.0,4.2,1.3,1.3,1.1,1.9,0.7,2.3,0.9,2.7,1.1,0.6,0.6,49756,2357,53186,2391,63750,4509,30721,2410,60822,2349,65975,3118,74770,4142,41085,2972,33.5,(X),(X),(X),(X),(X),(X),(X),(X),(X),32.5,(X),(X),(X),(X),(X),(X),(X),(X),(X),(X),(X),33.8,(X)
0500000US04025,04025,"Yavapai County, Arizona",91064,2727,55313,3493,44178,3029,35751,3026,8.9,1.8,5.4,1.7,2.1,1.2,16.6,3.8,8.5,1.8,3.9,1.7,4.1,2.0,15.2,3.9,13.3,1.5,8.3,2.1,6.8,2.1,20.8,3.7,12.3,1.9,12.2,2.1,12.4,2.5,12.6,3.6,18.1,2.3,19.3,2.9,17.9,2.9,16.7,3.5,19.2,2.4,25.3,3.5,26.4,3.6,8.3,2.3,9.2,1.6,11.2,2.3,13.0,2.8,5.4,2.4,6.4,1.3,8.6,1.9,10.1,2.3,2.7,1.4,2.8,0.9,3.9,1.3,4.9,1.6,1.0,0.8,1.4,0.6,1.9,0.8,2.3,1.1,0.7,0.5,39895,2182,50811,2906,54945,4054,23655,2464,51801,2731,60891,2780,N,N,36219,5335,36.3,(X),(X),(X),(X),(X),(X),(X),(X),(X),39.0,(X),(X),(X),(X),(X),(X),(X),(X),(X),(X),(X),31.6,(X)
0500000US04027,04027,"Yuma County, Arizona",69744,2456,52463,2439,40341,2274,17281,1883,7.5,1.6,5.1,1.7,1.8,0.8,17.8,4.5,6.1,1.5,4.6,1.7,2.4,1.3,11.9,3.3,13.2,2.1,11.2,2.2,10.8,2.7,20.2,4.1,14.9,2.5,16.5,3.1,15.4,3.0,11.1,4.8,17.0,2.2,18.4,2.6,19.8,3.2,14.5,4.9,17.8,2.3,19.0,2.7,19.2,3.0,9.4,3.2,11.5,1.6,12.0,1.9,14.9,2.3,9.7,3.4,8.4,1.6,9.1,1.7,10.8,2.0,3.4,2.5,1.5,0.6,1.9,0.8,2.3,1.1,0.4,0.4,2.1,0.8,2.3,0.9,2.5,1.0,1.6,1.7,41666,2672,44602,3549,49796,2878,25118,4048,55512,3264,59261,3601,64726,3670,39779,6413,29.2,(X),(X),(X),(X),(X),(X),(X),(X),(X),29.6,(X),(X),(X),(X),(X),(X),(X),(X),(X),(X),(X),27.1,(X)
0500000US05007,05007,"Benton County, Arkansas",82644,2255,62401,2857,49857,2431,20243,2060,4.1,0.9,2.8,0.9,0.8,0.4,9.7,2.9,4.1,1.0,2.3,0.9,1.4,0.7,10.1,2.9,10.0,1.6,6.9,1.4,5.2,1.4,20.6,3.9,10.8,1.5,9.6,1.7,8.2,2.0,14.1,3.2,14.8,1.8,15.8,2.2,13.8,2.4,13.7,3.3,21.7,2.2,22.0,2.6,23.7,2.8,17.9,4.3,12.4,1.6,14.5,1.9,15.7,2.1,6.3,2.4,13.1,1.5,15.5,2.0,18.5,2.2,4.5,2.4,4.0,0.9,5.0,1.3,5.8,1.4,1.5,0.9,4.9,0.9,5.6,1.2,6.8,1.5,1.7,1.0,56570,2597,64165,2820,72002,2343,32422,3154,75142,3291,83583,4329,N,N,45457,4565,28.4,(X),(X),(X),(X),(X),(X),(X),(X),(X),28.2,(X),(X),(X),(X),(X),(X),(X),(X),(X),(X),(X),28.4,(X)
0500000US05031,05031,"Craighead County, Arkansas",37827,1212,25744,1704,N,N,12083,1826,9.0,2.6,5.8,3.2,N,N,20.5,6.4,7.4,2.3,5.2,2.2,N,N,13.9,6.6,13.4,3.9,9.1,3.1,N,N,18.6,6.9,11.8,3.2,10.5,3.3,N,N,17.0,5.9,17.9,3.5,20.6,4.7,N,N,11.4,4.7,15.4,3.1,16.4,3.8,N,N,9.7,3.6,10.2,2.5,13.2,3.7,N,N,2.8,1.9,11.6,3.1,14.9,4.1,N,N,4.6,4.1,2.6,1.4,3.2,1.8,N,N,1.4,1.5,0.7,0.6,1.1,0.9,N,N,0.0,1.3,41134,4065,49301,3687,62492,8965,22447,4358,57178,8074,64230,6932,N,N,32663,5153,34.0,(X),(X),(X),(X),(X),(X),(X),(X),(X),32.3,(X),(X),(X),(X),(X),(X),(X),(X),(X),(X),(X),34.0,(X)
0500000US05045,05045,"Faulkner County, Arkansas",42636,1417,29332,1818,N,N,13304,1545,4.7,1.4,3.3,1.3,N,N,8.8,3.5,7.0,2.0,4.4,2.0,N,N,12.6,4.4,11.9,2.8,10.6,3.3,N,N,18.6,5.4,11.9,2.8,8.3,2.3,N,N,18.1,6.9,15.0,2.7,15.0,3.3,N,N,14.9,4.9,19.8,3.1,18.5,3.1,N,N,20.3,6.8,13.7,2.8,18.4,3.8,N,N,3.3,2.0,11.3,2.6,15.9,3.6,N,N,0.9,0.8,2.5,1.1,3.2,1.6,N,N,0.8,1.4,2.2,1.2,2.5,1.4,N,N,1.6,1.8,49149,5054,63513,4850,72420,4796,31420,1973,64321,7158,70925,5001,N,N,48093,18210,29.0,(X),(X),(X),(X),(X),(X),(X),(X),(X),29.1,(X),(X),(X),(X),(X),(X),(X),(X),(X),(X),(X),27.4,(X)
0500000US05051,05051,"Garland County, Arkansas",41865,1734,27719,1713,N,N,14146,1664,9.9,3.0,7.6,4.0,N,N,16.4,4.9,10.5,2.7,9.0,3.1,N,N,13.4,4.5,15.1,3.2,14.2,3.9,N,N,16.7,5.1,9.9,2.5,8.4,3.0,N,N,12.6,4.8,12.7,3.1,11.1,2.9,N,N,14.6,5.9,17.6,3.6,18.6,4.2,N,N,15.6,5.2,8.9,2.4,11.1,3.1,N,N,5.1,3.5,12.0,2.4,16.5,3.7,N,N,2.7,2.2,1.9,0.9,1.9,1.2,N,N,1.8,1.9,1.5,1.1,1.6,1.4,N,N,1.1,1.8,39589,3856,49836,3689,63727,4614,26979,3918,53570,3569,60629,4966,N,N,38523,5679,32.7,(X),(X),(X),(X),(X),(X),(X),(X),(X),34.3,(X),(X),(X),(X),(X),(X),(X),(X),(X),(X),(X),27.0,(X)
0500000US05069,05069,"Jefferson County, Arkansas",27960,1291,17545,1372,N,N,10415,1239,10.2,3.1,7.4,3.7,N,N,15.4,5.1,8.5,2.6,6.7,2.9,N,N,11.6,4.6,19.2,3.7,12.0,3.4,N,N,31.4,6.4,12.4,2.5,10.6,3.1,N,N,16.1,4.8,14.9,3.0,17.1,4.1,N,N,11.5,4.2,15.7,3.1,18.4,4.4,N,N,11.3,4.5,8.7,2.4,12.0,3.8,N,N,2.1,1.9,8.5,2.7,13.2,4.0,N,N,0.0,1.5,0.8,0.6,0.8,0.7,N,N,0.6,1.0,1.0,0.8,1.7,1.2,N,N,0.0,1.5,34689,3798,46983,4200,66947,9357,22613,2474,47747,3795,59071,5663,N,N,27732,3031,30.5,(X),(X),(X),(X),(X),(X),(X),(X),(X),31.5,(X),(X),(X),(X),(X),(X),(X),(X),(X),(X),(X),26.6,(X)
0500000US05085,05085,"Lonoke County, Arkansas",24779,1186,18434,1191,N,N,6345,1042,4.9,2.2,4.4,2.4,N,N,8.4,4.9,5.9,2.4,3.7,2.2,N,N,14.4,6.8,10.1,2.9,7.5,3.1,N,N,14.0,5.8,8.9,3.0,8.2,3.3,N,N,15.1,7.1,14.5,3.5,14.5,4.3,N,N,12.7,6.1,22.3,3.6,24.4,4.5,N,N,20.1,8.0,11.5,3.2,13.5,3.7,N,N,7.5,5.8,17.1,3.2,17.5,3.7,N,N,6.9,5.7,3.6,1.8,4.6,2.5,N,N,0.7,1.2,1.3,1.0,1.6,1.3,N,N,0.2,0.4,56635,3443,61280,3488,68314,5378,33187,7700,65025,3858,70456,4541,N,N,42976,6199,24.9,(X),(X),(X),(X),(X),(X),(X),(X),(X),25.6,(X),(X),(X),(X),(X),(X),(X),(X),(X),(X),(X),18.7,(X)
0500000US05119,05119,"Pulaski County, Arkansas",148694,3381,88961,3694,62502,3383,59733,4001,8.6,1.3,5.5,1.5,1.5,0.9,14.3,2.9,5.4,0.9,2.5,0.9,1.1,0.6,9.9,2.0,12.4,1.6,9.5,2.0,6.4,1.7,16.5,2.7,11.0,1.5,8.9,1.5,6.2,1.4,14.7,2.5,16.5,1.9,14.2,2.1,12.2,2.2,19.4,2.9,17.8,1.9,19.5,2.4,22.6,2.9,15.0,2.4,9.6,1.2,12.1,1.8,13.3,2.2,5.1,1.6,9.9,1.5,14.4,2.3,18.6,2.8,3.1,1.3,4.7,0.9,7.4,1.4,9.8,1.9,1.0,0.7,4.0,0.8,5.9,1.2,8.2,1.7,1.0,0.5,46368,2575,60124,4091,75023,4820,31163,1889,66398,3257,83562,5254,N,N,39645,2854,30.5,(X),(X),(X),(X),(X),(X),(X),(X),(X),34.3,(X),(X),(X),(X),(X),(X),(X),(X),(X),(X),(X),24.1,(X)
0500000US05125,05125,"Saline County, Arkansas",41004,1235,28336,1738,N,N,12668,1487,4.0,2.2,3.5,2.6,N,N,6.0,4.2,3.5,1.2,1.9,1.3,N,N,8.8,3.6,9.9,2.7,5.4,2.2,N,N,19.6,6.3,13.0,2.5,11.7,2.7,N,N,15.9,6.1,16.8,3.4,15.3,4.1,N,N,20.5,5.9,21.0,2.8,22.6,3.5,N,N,16.7,4.6,15.0,2.9,19.1,3.7,N,N,5.5,4.0,11.8,2.5,14.2,3.1,N,N,5.6,3.4,3.7,1.3,4.7,1.8,N,N,0.9,1.1,1.3,0.6,1.7,0.9,N,N,0.4,0.7,53107,4147,62486,5022,71302,5870,34734,4668,63617,3399,72136,4255,N,N,42616,4750,29.7,(X),(X),(X),(X),(X),(X),(X),(X),(X),30.9,(X),(X),(X),(X),(X),(X),(X),(X),(X),(X),(X),26.0,(X)
0500000US05131,05131,"Sebastian County, Arkansas",50095,1205,33255,1839,24171,1947,16840,1734,9.9,2.5,5.6,2.1,1.3,1.0,18.7,5.4,9.0,2.3,6.5,2.4,3.1,1.8,13.8,4.5,14.5,2.5,12.4,3.0,7.4,2.8,20.8,5.2,11.9,2.5,10.9,2.7,12.3,3.6,14.2,4.8,13.0,2.4,14.5,3.4,15.4,3.8,10.1,3.9,19.5,3.2,21.4,4.1,25.1,4.6,14.5,5.1,9.5,1.8,12.0,2.7,13.8,3.1,3.3,1.8,8.4,1.9,11.0,2.6,14.0,3.6,2.6,1.7,1.0,0.7,1.5,1.0,2.0,1.3,0.0,0.9,3.3,1.6,4.1,2.3,5.6,3.0,1.9,1.6,41056,4968,50084,4316,58136,3992,22938,4588,57516,6059,66766,8772,N,N,37613,7333,22.9,(X),(X),(X),(X),(X),(X),(X),(X),(X),23.2,(X),(X),(X),(X),(X),(X),(X),(X),(X),(X),(X),22.3,(X)
0500000US05143,05143,"Washington County, Arkansas",81198,2085,50800,2548,38180,2760,30398,2453,10.0,1.9,6.1,2.2,1.1,0.8,18.7,3.9,5.1,1.3,2.1,1.5,1.4,1.1,10.0,2.7,13.4,2.0,9.9,2.1,6.6,2.1,18.4,4.1,13.6,2.3,13.0,2.6,12.1,2.8,15.8,4.4,15.0,2.4,14.1,2.6,12.0,3.1,17.1,4.4,16.4,2.4,18.6,3.0,21.6,3.4,11.3,3.6,8.7,1.5,11.8,2.2,13.9,2.8,2.8,1.3,10.9,1.9,14.8,2.7,18.5,3.4,3.9,2.3,3.3,1.0,4.7,1.5,6.2,2.1,1.0,0.9,3.5,1.0,4.9,1.4,6.6,1.8,1.0,0.8,42073,2951,57188,4429,67778,3866,26341,2050,60774,3597,74105,4873,87608,5903,36580,3337,18.3,(X),(X),(X),(X),(X),(X),(X),(X),(X),18.3,(X),(X),(X),(X),(X),(X),(X),(X),(X),(X),(X),16.6,(X)
0500000US05145,05145,"White County, Arkansas",29038,1153,20443,1501,N,N,8595,1368,8.5,2.4,4.2,2.2,N,N,19.0,6.9,7.3,2.3,4.6,2.3,N,N,18.7,7.5,13.5,3.6,8.6,2.9,N,N,27.0,9.5,9.8,3.0,8.8,3.7,N,N,13.0,5.3,17.6,3.9,19.8,4.5,N,N,10.4,5.8,20.0,3.7,24.4,5.0,N,N,6.4,3.7,8.7,3.0,10.7,3.6,N,N,2.9,3.3,9.4,3.0,12.6,4.1,N,N,0.0,1.8,3.6,2.1,3.9,2.4,N,N,2.7,3.5,1.7,1.3,2.3,1.8,N,N,0.0,1.8,43643,2988,54409,7931,61783,3669,17021,1877,56991,5397,67683,7146,N,N,27060,6396,26.3,(X),(X),(X),(X),(X),(X),(X),(X),(X),28.6,(X),(X),(X),(X),(X),(X),(X),(X),(X),(X),(X),20.5,(X)
0500000US06001,06001,"Alameda County, California",555909,3185,360837,4712,262685,5153,195072,4556,5.9,0.5,3.6,0.5,1.3,0.4,11.1,1.1,4.4,0.4,2.2,0.4,1.2,0.4,9.1,1.0,7.9,0.6,6.2,0.7,4.2,0.6,11.7,1.2,6.7,0.5,6.3,0.7,4.8,0.7,8.5,0.8,10.8,0.7,9.9,0.8,8.2,0.9,12.5,1.2,15.5,0.8,14.6,0.9,13.0,1.0,17.3,1.4,12.5,0.8,12.8,1.0,13.3,1.1,11.2,1.1,16.2,0.8,18.8,1.0,21.4,1.3,10.5,1.0,8.7,0.5,10.9,0.7,13.5,0.9,3.8,0.6,11.4,0.6,14.8,0.8,19.1,1.1,4.3,0.6,72399,1724,88720,2280,108064,3030,46047,2262,99085,1624,115929,2122,135031,2618,63681,2204,27.3,(X),(X),(X),(X),(X),(X),(X),(X),(X),28.2,(X),(X),(X),(X),(X),(X),(X),(X),(X),(X),(X),23.8,(X)
0500000US06007,06007,"Butte County, California",85158,1861,49991,2454,35639,2157,35167,2327,8.8,1.4,4.3,1.5,0.4,0.5,16.8,2.6,7.8,1.2,5.1,1.3,2.7,1.4,13.3,2.5,13.7,2.1,11.3,2.3,6.7,1.6,16.3,3.4,12.8,2.0,9.5,2.1,8.3,2.4,16.3,3.2,12.7,1.7,13.8,2.2,12.4,2.6,11.9,2.5,17.9,1.7,21.6,2.8,24.6,3.3,11.3,2.3,10.3,1.7,12.3,2.3,15.4,3.0,6.9,2.6,9.4,1.4,14.0,2.2,18.2,2.9,3.1,1.5,3.7,0.9,4.6,1.2,6.2,1.7,2.2,1.1,2.9,0.9,3.6,1.1,5.0,1.6,1.8,2.0,42752,2438,55619,4771,69835,1816,27047,1983,59522,2926,72457,4682,87732,6035,39516,3688,27.6,(X),(X),(X),(X),(X),(X),(X),(X),(X),25.5,(X),(X),(X),(X),(X),(X),(X),(X),(X),(X),(X),29.3,(X)
0500000US06013,06013,"Contra Costa County, California",382356,2597,272442,5243,203685,5201,109914,4656,4.1,0.5,2.9,0.6,1.1,0.4,9.2,1.4,3.6,0.5,1.9,0.4,0.9,0.3,8.4,1.3,7.5,0.7,6.1,0.8,4.1,0.8,12.4,1.8,7.1,0.7,5.4,0.7,4.0,0.7,10.8,1.6,10.5,0.9,9.9,1.1,8.1,1.1,12.3,1.4,14.8,1.0,13.8,1.2,12.1,1.3,16.6,1.6,12.6,0.9,12.9,1.1,13.1,1.2,12.1,1.4,17.3,1.0,19.9,1.2,22.3,1.5,9.7,1.3,9.7,0.9,11.4,1.1,13.9,1.4,4.6,1.0,12.7,0.8,15.8,1.1,20.4,1.5,4.0,0.9,79100,3132,94574,3140,112553,3324,45429,3445,107426,2900,122707,3643,142965,4653,64103,3351,33.1,(X),(X),(X),(X),(X),(X),(X),(X),(X),33.6,(X),(X),(X),(X),(X),(X),(X),(X),(X),(X),(X),28.9,(X)
0500000US06017,06017,"El Dorado County, California",66751,2444,46091,2563,N,N,20660,2334,6.5,1.9,4.4,1.8,N,N,12.5,4.1,5.9,1.8,2.7,1.4,N,N,12.6,4.8,9.3,2.1,5.8,2.2,N,N,18.3,4.8,9.8,1.7,7.1,1.9,N,N,15.9,3.6,10.2,2.0,9.2,2.3,N,N,13.8,4.2,15.8,2.3,16.6,2.7,N,N,12.8,3.8,9.8,1.7,11.8,2.4,N,N,5.3,2.3,18.1,2.3,23.3,3.2,N,N,5.4,2.2,6.0,1.4,8.2,1.9,N,N,0.6,1.0,8.6,2.0,11.1,2.5,N,N,3.0,2.3,61365,4625,85139,9489,94386,10360,28220,4264,87168,6052,105589,8161,N,N,43857,6654,26.8,(X),(X),(X),(X),(X),(X),(X),(X),(X),28.7,(X),(X),(X),(X),(X),(X),(X),(X),(X),(X),(X),20.8,(X)
0500000US06019,06019,"Fresno County, California",293517,3025,215171,4335,135940,4217,78346,4090,9.0,0.9,9.0,1.1,3.2,0.7,15.0,2.0,6.9,0.8,5.3,0.8,3.0,0.7,12.5,1.7,13.4,1.1,11.6,1.2,8.4,1.2,18.9,2.3,12.3,1.2,11.9,1.1,10.2,1.4,13.1,2.0,13.5,1.0,13.7,1.1,13.1,1.4,12.7,1.9,17.4,1.2,17.5,1.4,19.3,1.6,13.6,1.9,10.8,0.9,11.3,1.1,15.0,1.4,7.4,1.4,10.0,0.8,11.5,1.1,16.2,1.6,4.8,1.1,3.7,0.5,4.6,0.6,6.5,0.9,0.9,0.5,2.9,0.4,3.5,0.5,5.0,0.8,1.1,0.6,43925,1374,48229,2045,64923,2273,27242,2238,61208,1526,66005,1961,82309,2675,41477,3088,36.8,(X),(X),(X),(X),(X),(X),(X),(X),(X),37.3,(X),(X),(X),(X),(X),(X),(X),(X),(X),(X),(X),32.6,(X)
0500000US06023,06023,"Humboldt County, California",53191,1624,28730,2013,20663,1718,24461,1768,7.0,1.8,4.8,1.9,2.6,1.9,11.1,3.5,8.8,2.2,5.6,2.5,4.0,2.7,13.1,3.8,13.6,2.6,10.3,2.9,8.0,3.2,17.1,4.1,13.1,1.9,10.7,2.9,8.7,3.4,15.6,3.4,15.1,2.7,18.4,3.6,15.7,3.5,14.6,4.2,18.8,2.6,19.6,3.8,20.9,4.3,15.7,3.5,11.7,2.5,14.6,3.6,18.8,4.9,6.7,2.8,7.8,1.5,10.4,2.2,13.5,3.0,4.2,2.1,2.3,1.1,3.5,1.7,4.7,2.4,0.9,1.1,1.7,0.6,2.2,1.0,3.1,1.4,1.0,0.7,42092,4572,50170,2965,61232,7620,30508,2359,53623,3151,62704,4410,N,N,40503,4060,27.4,(X),(X),(X),(X),(X),(X),(X),(X),(X),28.5,(X),(X),(X),(X),(X),(X),(X),(X),(X),(X),(X),24.3,(X)
0500000US06025,06025,"Imperial County, California",47430,1637,37079,2037,25271,2163,10351,1556,8.3,2.2,6.3,2.5,1.8,1.2,19.0,6.2,8.7,2.3,5.8,2.2,3.6,2.1,19.5,6.0,12.1,2.0,11.6,2.5,8.8,2.8,14.5,6.1,12.2,2.7,13.5,3.3,13.7,3.7,9.2,5.1,13.4,2.6,14.1,3.2,14.1,3.8,9.6,5.1,18.1,3.3,19.8,3.8,22.0,5.0,8.5,5.3,12.0,2.4,13.2,3.1,15.7,3.9,8.3,5.4,10.3,2.4,10.9,2.7,13.7,3.8,5.8,4.4,3.1,1.3,2.7,1.3,3.7,1.9,4.2,3.6,1.9,1.2,2.0,1.4,2.8,2.0,1.5,1.7,43310,4644,47116,8513,60131,5386,22090,6704,57230,3683,59345,3886,N,N,44519,10775,37.6,(X),(X),(X),(X),(X),(X),(X),(X),(X),41.0,(X),(X),(X),(X),(X),(X),(X),(X),(X),(X),(X),24.6,(X)
0500000US06029,06029,"Kern County, California",257183,3334,191525,4699,129274,4655,65658,3826,7.4,0.8,6.9,1.0,1.9,0.6,13.3,2.4,6.5,0.9,5.7,1.1,3.2,1.2,11.3,1.8,12.6,1.1,11.4,1.3,7.9,1.2,16.7,2.2,12.2,1.2,11.9,1.4,10.8,1.6,12.5,2.3,13.4,1.0,12.3,1.1,11.6,1.3,16.3,2.6,17.1,1.4,16.9,1.5,18.3,1.9,15.3,2.8,12.3,1.3,13.3,1.4,16.2,2.0,7.6,1.6,11.9,1.0,13.7,1.1,18.8,1.6,4.4,1.4,3.4,0.6,4.0,0.7,5.8,1.1,1.1,0.6,3.2,0.5,3.8,0.7,5.5,0.9,1.4,0.7,46879,2311,51929,2630,69756,3269,31442,1887,63385,1925,68127,2368,84011,2814,43037,3280,30.8,(X),(X),(X),(X),(X),(X),(X),(X),(X),31.9,(X),(X),(X),(X),(X),(X),(X),(X),(X),(X),(X),24.8,(X)
0500000US06031,06031,"Kings County, California",41813,1167,32104,1656,20397,1658,9709,1450,6.8,1.8,7.1,2.5,2.2,1.8,9.7,4.2,8.1,2.1,5.8,2.1,3.7,1.8,17.8,6.4,10.2,2.4,9.6,2.7,5.9,2.7,14.2,5.5,12.7,2.6,13.0,3.2,9.8,3.2,12.7,5.8,16.7,2.9,17.2,3.0,17.6,3.6,12.1,6.8,18.1,3.5,18.3,3.6,20.2,4.4,19.9,7.1,11.8,2.4,11.2,2.4,15.1,3.2,5.6,4.0,8.9,2.4,10.3,2.8,14.8,4.2,4.0,2.9,4.0,1.6,5.1,2.1,7.5,3.1,0.7,1.0,2.6,1.2,2.5,1.3,3.2,1.7,3.3,2.7,45774,3036,46260,3779,61017,4927,31169,6371,60976,3946,63148,4475,N,N,47571,8324,34.6,(X),(X),(X),(X),(X),(X),(X),(X),(X),32.6,(X),(X),(X),(X),(X),(X),(X),(X),(X),(X),(X),34.4,(X)
0500000US06033,06033,"Lake County, California",26194,1356,17507,1656,N,N,8687,1331,8.6,2.7,5.4,2.5,N,N,18.1,6.0,9.0,2.5,4.4,2.4,N,N,18.3,5.8,18.3,4.6,17.2,5.2,N,N,25.4,8.3,13.7,2.9,13.2,4.0,N,N,11.8,5.7,8.5,2.8,10.1,4.3,N,N,8.3,4.4,18.9,4.8,21.2,5.7,N,N,9.3,4.8,11.9,3.4,14.7,4.9,N,N,4.1,3.3,7.5,3.2,9.6,4.3,N,N,3.3,2.9,1.7,1.0,2.3,1.4,N,N,1.4,1.7,1.6,1.5,2.1,2.1,N,N,0.0,1.9,37079,12116,49397,7816,63262,5154,19503,3341,50805,5039,58859,5949,N,N,29581,5568,39.4,(X),(X),(X),(X),(X),(X),(X),(X),(X),39.7,(X),(X),(X),(X),(X),(X),(X),(X),(X),(X),(X),32.9,(X)
0500000US06037,06037,"Los Angeles County, California",3247705,7125,2169030,14227,1436720,14560,1078675,12973,6.9,0.2,5.0,0.2,2.1,0.2,13.1,0.5,6.2,0.2,4.3,0.2,2.6,0.2,10.8,0.4,10.9,0.3,10.5,0.3,8.2,0.4,12.6,0.5,9.7,0.3,9.7,0.3,8.1,0.3,9.8,0.5,12.4,0.3,12.8,0.4,11.4,0.4,11.9,0.5,16.7,0.3,16.6,0.4,16.7,0.5,15.8,0.5,11.6,0.3,12.2,0.4,13.5,0.5,9.6,0.5,13.2,0.3,14.4,0.3,17.7,0.4,9.4,0.4,5.6,0.2,6.6,0.3,8.8,0.4,3.1,0.3,6.8,0.2,7.9,0.3,11.0,0.4,4.0,0.3,54529,645,60792,581,76643,1136,39402,1356,80682,774,88684,1148,106616,1498,59910,1251,35.2,(X),(X),(X),(X),(X),(X),(X),(X),(X),36.8,(X),(X),(X),(X),(X),(X),(X),(X),(X),(X),(X),29.3,(X)
0500000US06039,06039,"Madera County, California",44549,1512,33593,2085,N,N,10956,1761,7.3,2.6,6.6,2.3,N,N,16.5,6.8,6.9,2.0,3.4,1.7,N,N,19.7,6.3,12.0,2.6,11.0,3.3,N,N,14.9,5.7,16.7,3.5,16.3,3.6,N,N,13.0,5.2,15.5,3.2,16.1,3.9,N,N,13.4,5.8,17.7,2.6,19.5,3.5,N,N,10.5,3.4,9.7,2.4,9.6,2.7,N,N,8.4,5.3,8.5,2.2,10.5,2.6,N,N,3.4,3.0,3.7,1.3,4.6,1.7,N,N,0.0,1.5,2.0,0.9,2.3,1.2,N,N,0.3,0.5,39758,3435,45737,6621,57231,5769,24252,6960,56655,4219,62407,4860,N,N,33673,5431,37.8,(X),(X),(X),(X),(X),(X),(X),(X),(X),38.2,(X),(X),(X),(X),(X),(X),(X),(X),(X),(X),(X),33.8,(X)
0500000US06041,06041,"Marin County, California",102847,1783,64134,2413,51663,2826,38713,2342,2.5,0.7,1.4,0.6,0.5,0.5,4.6,1.7,4.1,1.0,1.7,0.9,1.8,1.1,8.4,2.2,6.7,1.5,3.4,1.1,2.3,1.0,12.4,3.2,6.4,1.3,4.8,1.6,3.2,1.2,9.9,2.3,7.9,1.4,6.5,1.7,5.6,1.7,9.5,2.1,12.1,1.7,9.6,2.0,8.7,2.4,16.8,2.8,11.6,1.7,12.9,2.3,12.5,2.7,9.8,2.5,17.2,1.7,19.8,2.3,19.7,2.6,13.0,2.7,11.2,1.4,12.7,2.2,13.5,2.5,7.6,2.5,20.4,2.1,27.2,2.9,32.2,3.5,8.0,2.8,96580,5921,120519,5246,136703,10611,55466,4863,149066,11061,179993,13410,N,N,93342,15408,35.5,(X),(X),(X),(X),(X),(X),(X),(X),(X),38.4,(X),(X),(X),(X),(X),(X),(X),(X),(X),(X),(X),29.2,(X)
0500000US06045,06045,"Mendocino County, California",33609,1411,20701,1548,N,N,12908,1684,8.5,2.5,4.6,2.1,N,N,16.1,5.4,9.4,2.6,2.3,1.5,N,N,21.0,5.5,14.4,3.4,13.2,5.1,N,N,17.6,4.2,12.3,3.2,14.9,4.5,N,N,7.9,3.6,11.8,3.5,12.2,4.5,N,N,11.1,4.9,19.2,3.3,21.7,5.1,N,N,17.0,5.1,8.2,2.2,9.9,3.2,N,N,2.6,1.9,11.5,3.2,15.5,4.8,N,N,4.2,3.0,2.2,1.1,3.3,1.7,N,N,0.0,1.3,2.5,1.3,2.5,1.2,N,N,2.6,2.9,42042,4562,52209,6151,62118,8452,19871,6953,62971,10969,68806,7196,N,N,50330,23901,32.9,(X),(X),(X),(X),(X),(X),(X),(X),(X),35.7,(X),(X),(X),(X),(X),(X),(X),(X),(X),(X),(X),26.9,(X)
0500000US06047,06047,"Merced County, California",77651,1744,58270,2485,38051,2595,19381,1844,7.0,1.3,6.8,1.7,2.5,1.2,12.8,3.3,7.0,1.4,5.8,1.4,2.6,1.1,11.2,3.4,14.8,2.1,14.2,2.4,9.3,2.3,16.0,3.9,13.8,2.4,11.7,2.3,12.5,3.0,20.5,5.8,16.4,2.4,17.1,2.9,17.6,3.8,14.4,4.6,18.6,2.3,18.4,2.9,21.2,4.1,14.7,4.1,9.4,1.6,10.1,1.8,13.1,2.6,5.8,3.2,7.9,1.5,10.0,2.0,13.1,2.8,2.4,1.3,3.4,1.0,3.6,1.3,4.8,1.7,1.8,1.5,1.8,0.6,2.1,0.8,3.2,1.2,0.4,0.4,40687,2019,43430,3171,55194,4600,29810,4096,55311,2541,59171,3411,N,N,39054,4279,35.0,(X),(X),(X),(X),(X),(X),(X),(X),(X),34.8,(X),(X),(X),(X),(X),(X),(X),(X),(X),(X),(X),31.6,(X)
0500000US06053,06053,"Monterey County, California",125553,1864,90367,2706,66463,2998,35186,2467,6.2,1.2,4.3,1.2,2.3,1.0,13.4,3.1,4.1,0.8,3.6,1.1,1.5,0.9,7.6,1.7,9.3,1.4,8.2,1.5,6.6,1.5,14.8,3.1,10.3,1.2,9.6,1.3,8.3,1.5,11.3,2.6,14.5,1.6,15.5,2.1,12.9,2.1,12.3,2.7,17.2,1.7,16.4,1.8,17.6,2.2,17.3,3.5,13.7,1.5,14.1,1.9,15.9,2.4,11.4,2.5,13.9,1.6,16.2,2.1,19.0,2.7,7.0,2.1,5.4,0.9,5.6,1.1,7.0,1.4,2.6,1.1,5.4,1.1,6.6,1.4,8.9,1.8,2.3,1.1,57052,3890,61872,4295,76010,4055,37977,4026,78296,3534,84995,4468,98670,6029,53725,4437,30.1,(X),(X),(X),(X),(X),(X),(X),(X),(X),30.0,(X),(X),(X),(X),(X),(X),(X),(X),(X),(X),(X),26.9,(X)
0500000US06055,06055,"Napa County, California",47482,1286,32428,1663,N,N,15054,1447,2.9,1.0,2.3,1.5,N,N,6.2,2.3,5.0,1.6,2.5,1.4,N,N,10.6,4.4,9.4,1.9,6.2,2.2,N,N,14.6,4.2,7.9,1.7,6.9,2.0,N,N,11.8,3.5,11.2,2.0,10.6,2.2,N,N,12.9,3.5,16.6,2.7,16.5,3.4,N,N,16.1,4.4,13.5,2.2,16.1,2.7,N,N,11.5,3.3,18.4,2.3,21.2,2.9,N,N,9.1,2.6,6.2,1.4,8.0,1.9,N,N,1.0,0.9,8.9,1.7,9.9,2.1,N,N,6.2,2.7,70914,4646,80375,4044,91694,7588,42891,6572,93591,5739,103460,6453,N,N,67216,10643,31.9,(X),(X),(X),(X),(X),(X),(X),(X),(X),31.9,(X),(X),(X),(X),(X),(X),(X),(X),(X),(X),(X),29.5,(X)
0500000US06057,06057,"Nevada County, California",39115,1869,22728,1875,N,N,16387,1651,3.4,1.8,2.6,2.4,N,N,6.3,3.4,6.7,2.3,5.0,2.6,N,N,7.2,3.7,11.2,3.0,6.1,2.7,N,N,18.3,5.9,11.4,3.2,11.1,3.7,N,N,12.3,5.6,12.7,2.4,9.4,2.8,N,N,17.6,5.0,19.0,3.2,19.8,3.5,N,N,18.0,5.2,10.8,2.5,14.4,3.7,N,N,5.5,2.9,14.9,3.5,17.6,4.1,N,N,11.7,5.8,6.5,2.0,9.2,3.2,N,N,2.2,1.6,3.2,1.2,4.9,2.1,N,N,0.8,1.1,54851,5124,69895,5701,79486,6534,40391,5164,73621,5659,86466,7849,N,N,55015,9658,28.7,(X),(X),(X),(X),(X),(X),(X),(X),(X),25.8,(X),(X),(X),(X),(X),(X),(X),(X),(X),(X),(X),31.9,(X)
0500000US06059,06059,"Orange County, California",1003790,4885,723989,7519,547630,7864,279801,7303,4.7,0.3,3.4,0.3,1.5,0.3,10.3,0.9,3.4,0.3,2.5,0.3,1.6,0.3,6.7,0.8,8.0,0.4,7.1,0.5,5.2,0.5,11.9,0.9,7.3,0.5,6.9,0.6,5.7,0.5,8.9,1.0,10.9,0.5,10.6,0.5,9.1,0.5,11.3,0.8,16.1,0.7,15.0,0.6,14.1,0.7,18.7,1.3,13.0,0.5,12.7,0.6,13.3,0.7,12.1,1.1,17.4,0.6,19.1,0.7,21.5,0.8,12.1,1.0,8.6,0.5,10.4,0.6,12.6,0.8,3.2,0.6,10.5,0.5,12.4,0.6,15.5,0.8,4.8,0.8,74163,1461,82861,1940,99088,2153,50690,1198,101242,1921,110851,2200,126388,2843,69660,3232,33.9,(X),(X),(X),(X),(X),(X),(X),(X),(X),34.7,(X),(X),(X),(X),(X),(X),(X),(X),(X),(X),(X),28.1,(X)
0500000US06061,06061,"Placer County, California",134284,1821,94268,3058,75985,3295,40016,2536,4.7,0.9,3.3,0.9,1.9,0.7,8.7,2.4,3.3,0.7,1.8,0.8,1.4,0.8,7.5,2.0,7.0,1.0,4.6,0.9,3.5,0.8,13.3,2.5,7.9,1.1,6.9,1.3,5.0,1.1,11.2,2.4,10.3,1.2,8.4,1.3,6.5,1.3,15.4,2.7,18.0,1.6,18.2,1.9,17.8,2.1,17.5,3.0,13.6,1.5,14.3,1.8,14.8,2.1,11.2,2.7,18.4,1.6,21.1,1.9,23.9,2.4,10.4,2.6,8.9,1.1,11.3,1.5,13.1,1.8,2.8,1.5,7.8,1.1,10.2,1.6,11.9,1.8,2.0,0.8,73328,2659,84156,3745,98274,4213,41860,3735,94424,4052,107706,5123,117673,5628,59270,5925,30.8,(X),(X),(X),(X),(X),(X),(X),(X),(X),29.0,(X),(X),(X),(X),(X),(X),(X),(X),(X),(X),(X),33.3,(X)
0500000US06065,06065,"Riverside County, California",693585,6252,512635,7895,372976,6490,180950,6691,5.8,0.5,4.5,0.5,2.2,0.5,12.0,1.2,5.4,0.4,3.8,0.4,2.0,0.4,11.1,1.0,10.8,0.6,9.0,0.7,6.7,0.7,16.9,1.3,10.0,0.6,9.4,0.7,8.1,0.7,11.8,1.2,14.0,0.6,14.0,0.7,12.6,0.8,13.9,1.3,18.7,0.8,19.5,0.9,20.8,1.1,15.2,1.3,12.0,0.6,13.3,0.8,14.8,1.0,7.7,1.0,14.1,0.6,15.8,0.8,19.1,1.1,7.4,1.1,5.2,0.5,6.1,0.6,7.6,0.7,2.4,0.7,4.1,0.4,4.6,0.5,6.0,0.6,1.6,0.4,54095,1252,60830,912,71996,1403,33084,1665,72258,1141,78719,1462,90496,2000,48294,1903,34.3,(X),(X),(X),(X),(X),(X),(X),(X),(X),34.6,(X),(X),(X),(X),(X),(X),(X),(X),(X),(X),(X),29.9,(X)
0500000US06067,06067,"Sacramento County, California",520580,4475,341161,6228,229528,5823,179419,5483,6.9,0.6,5.9,0.7,2.1,0.6,11.1,1.3,6.0,0.6,4.3,0.6,2.3,0.5,10.1,0.9,10.3,0.8,8.2,0.7,6.2,0.9,14.1,1.6,9.7,0.8,9.0,0.9,7.3,0.9,11.5,1.2,14.2,0.7,13.5,1.0,11.5,1.2,15.6,1.3,18.2,0.8,18.8,1.1,19.4,1.3,16.6,1.3,12.2,0.6,13.0,0.9,15.4,1.3,9.2,1.1,13.2,0.6,15.7,0.9,20.0,1.1,7.5,0.9,5.3,0.5,6.5,0.7,8.9,1.0,2.5,0.6,4.0,0.4,5.0,0.5,7.0,0.8,1.7,0.5,52936,1408,60887,1573,76532,2080,37552,2006,71238,1706,79613,2280,95563,3031,51363,2448,28.1,(X),(X),(X),(X),(X),(X),(X),(X),(X),29.2,(X),(X),(X),(X),(X),(X),(X),(X),(X),(X),(X),23.7,(X)
0500000US06071,06071,"San Bernardino County, California",604090,5819,452416,6972,305260,6221,151674,5597,7.6,0.6,6.3,0.6,2.4,0.5,15.8,1.7,5.3,0.4,4.2,0.5,1.7,0.4,10.7,1.1,10.2,0.7,8.9,0.8,6.2,0.8,14.1,1.4,9.8,0.6,8.8,0.7,7.9,0.8,12.5,1.6,14.9,0.9,14.9,0.9,14.1,1.0,14.5,1.6,18.8,0.9,19.0,1.0,20.3,1.3,16.1,1.6,12.4,0.9,13.5,0.9,15.6,1.2,7.8,1.1,13.2,0.7,15.2,0.9,19.3,1.2,5.4,1.0,4.4,0.4,5.3,0.5,7.1,0.7,1.4,0.4,3.5,0.3,3.9,0.4,5.4,0.6,1.7,0.6,52323,1172,58204,1482,71104,2201,31231,1835,68014,974,73529,1034,86808,1781,45093,2526,34.3,(X),(X),(X),(X),(X),(X),(X),(X),(X),34.1,(X),(X),(X),(X),(X),(X),(X),(X),(X),(X),(X),31.7,(X)
0500000US06073,06073,"San Diego County, California",1093386,5511,729382,9251,539080,7921,364004,8549,6.5,0.4,4.9,0.4,3.0,0.4,11.0,1.0,4.1,0.3,2.6,0.3,1.5,0.2,7.8,0.7,8.9,0.5,7.2,0.6,4.8,0.6,12.9,1.1,9.0,0.5,8.1,0.6,6.5,0.6,10.9,0.9,12.7,0.5,12.2,0.7,11.0,0.8,14.2,1.0,17.2,0.5,16.7,0.7,16.5,0.8,17.3,1.1,12.3,0.5,13.2,0.6,14.4,0.8,9.8,0.8,15.3,0.6,17.9,0.8,20.6,0.9,9.3,0.8,6.9,0.4,8.0,0.5,10.2,0.7,4.0,0.6,7.2,0.4,9.1,0.5,11.6,0.6,2.8,0.5,61426,812,71608,1347,85827,1859,42136,1216,85967,1501,96757,1978,111693,2595,60023,2137,30.0,(X),(X),(X),(X),(X),(X),(X),(X),(X),30.3,(X),(X),(X),(X),(X),(X),(X),(X),(X),(X),(X),27.2,(X)
0500000US06075,06075,"San Francisco County, California",354651,3606,159591,4722,117675,4113,195060,4883,7.1,0.6,3.4,0.7,1.6,0.5,10.4,1.1,5.9,0.7,2.5,0.7,1.9,0.8,8.8,1.1,7.1,0.7,7.0,1.0,5.9,1.1,7.4,0.9,6.9,0.7,7.2,1.2,5.1,1.1,7.1,0.9,9.0,0.9,8.7,1.2,8.0,1.4,8.9,1.2,12.5,0.9,12.3,1.4,10.2,1.3,12.8,1.2,10.5,0.9,10.8,1.3,10.2,1.5,10.4,1.3,15.7,0.9,17.2,1.3,17.9,1.6,14.5,1.2,8.9,0.8,9.6,1.2,12.0,1.6,7.8,1.0,16.4,0.9,21.2,1.7,27.3,2.1,12.0,1.5,77485,2315,95421,5893,117234,6199,63619,4303,117255,4208,139476,7373,163056,9407,96846,5275,30.9,(X),(X),(X),(X),(X),(X),(X),(X),(X),33.7,(X),(X),(X),(X),(X),(X),(X),(X),(X),(X),(X),27.6,(X)
0500000US06077,06077,"San Joaquin County, California",216309,2949,162914,3687,112299,4245,53395,3038,6.8,0.9,6.0,0.9,2.4,0.7,13.2,2.3,6.6,0.8,4.7,0.9,2.2,0.8,14.6,2.6,11.4,1.1,9.9,1.2,8.2,1.3,15.4,2.6,9.3,0.8,9.4,1.1,7.2,1.0,11.2,2.3,14.2,1.2,13.6,1.4,13.5,1.7,14.7,2.6,18.6,1.5,18.7,1.5,20.5,1.8,15.3,2.7,11.7,1.1,13.3,1.3,15.3,1.8,6.0,1.4,13.7,1.1,15.8,1.4,18.6,1.6,7.2,2.0,5.0,0.8,5.5,0.9,7.7,1.2,1.6,0.8,2.7,0.5,3.2,0.6,4.4,0.9,0.8,0.5,51432,1301,57111,2970,70219,2842,30612,3154,66389,1891,72042,2356,84607,2784,42484,3184,31.8,(X),(X),(X),(X),(X),(X),(X),(X),(X),32.9,(X),(X),(X),(X),(X),(X),(X),(X),(X),(X),(X),25.7,(X)
0500000US06079,06079,"San Luis Obispo County, California",104669,2328,66083,3200,53625,3019,38586,2598,8.1,1.5,4.4,1.8,1.5,0.8,14.6,3.3,5.1,1.1,1.6,0.7,0.8,0.6,11.8,2.7,6.9,1.3,4.7,1.6,3.2,1.1,12.3,2.9,10.0,1.7,8.1,1.8,6.8,1.8,12.7,3.4,12.9,1.6,12.5,2.2,11.5,2.1,13.4,3.0,17.1,2.0,19.1,2.5,19.3,2.4,14.5,3.5,12.5,1.7,13.7,2.3,14.4,2.7,10.6,2.8,15.1,2.0,21.1,2.9,24.5,3.4,3.0,1.2,7.2,1.3,9.1,1.9,11.2,2.3,3.8,1.8,4.9,1.2,5.8,1.3,6.9,1.6,3.2,1.9,58158,2686,74389,4289,84436,7071,32176,5678,76395,3222,90218,4413,N,N,49870,5111,31.5,(X),(X),(X),(X),(X),(X),(X),(X),(X),29.8,(X),(X),(X),(X),(X),(X),(X),(X),(X),(X),(X),32.9,(X)
0500000US06081,06081,"San Mateo County, California",258791,2229,177377,4279,139347,4384,81414,3815,3.0,0.5,1.5,0.5,0.7,0.2,6.7,1.3,2.3,0.5,1.2,0.4,0.7,0.3,5.1,1.3,6.2,0.8,4.3,0.9,2.6,0.7,10.7,1.5,6.1,0.8,4.9,0.8,3.4,0.8,9.7,1.8,9.0,0.9,7.8,0.9,6.1,1.0,12.4,2.2,13.9,1.1,12.2,1.3,11.4,1.3,17.4,2.0,13.6,1.0,14.0,1.4,13.9,1.4,12.0,1.9,18.1,1.0,19.4,1.4,20.6,1.7,14.5,2.0,10.3,1.0,12.5,1.2,14.4,1.4,5.3,1.3,17.5,1.0,22.0,1.4,26.2,1.7,6.0,1.1,91322,1774,108410,3865,125877,4149,54957,3135,130393,3564,152078,4938,N,N,77338,3740,30.6,(X),(X),(X),(X),(X),(X),(X),(X),(X),31.1,(X),(X),(X),(X),(X),(X),(X),(X),(X),(X),(X),27.5,(X)
0500000US06083,06083,"Santa Barbara County, California",140665,2428,91232,3336,67194,3287,49433,2605,5.3,1.0,3.0,0.9,0.8,0.4,11.2,2.5,5.2,1.0,3.7,0.9,1.6,0.8,9.3,2.1,8.9,1.2,7.6,1.6,5.5,1.6,13.3,2.4,9.0,1.4,7.2,1.5,5.4,1.5,11.3,2.5,13.0,1.4,11.7,1.8,11.8,2.0,13.4,2.5,16.4,1.5,16.6,2.0,16.9,2.3,17.9,2.5,13.4,1.8,15.3,2.2,15.9,2.5,10.0,2.3,13.0,1.4,15.3,2.0,18.0,2.5,7.0,1.7,7.9,1.0,8.8,1.4,11.2,1.8,4.1,1.5,7.9,1.1,10.6,1.4,13.1,1.8,2.5,1.1,62421,3413,75073,4665,87364,5474,39951,2854,92050,4618,107455,5605,122657,7252,57386,5348,35.8,(X),(X),(X),(X),(X),(X),(X),(X),(X),35.7,(X),(X),(X),(X),(X),(X),(X),(X),(X),(X),(X),32.8,(X)
0500000US06085,06085,"Santa Clara County, California",619337,2673,442184,5402,343810,5916,177153,5329,3.8,0.4,3.0,0.4,1.3,0.3,7.7,1.1,3.0,0.3,1.7,0.3,0.9,0.2,6.9,1.0,6.6,0.5,5.4,0.5,3.6,0.5,10.4,1.2,6.2,0.5,5.7,0.6,4.4,0.6,8.1,1.0,8.5,0.6,7.8,0.6,6.4,0.6,10.5,1.3,14.0,0.7,13.6,0.9,12.2,0.9,15.3,1.5,10.8,0.6,10.2,0.8,10.2,0.8,11.4,1.3,18.1,0.9,19.1,1.0,20.6,1.1,14.8,1.4,11.2,0.6,12.3,0.7,14.1,0.9,7.5,1.2,17.7,0.7,21.3,0.8,26.3,1.0,7.4,1.0,92014,1523,104307,3002,122691,2965,60346,3351,124515,2064,137889,2288,157137,2755,83409,3456,27.8,(X),(X),(X),(X),(X),(X),(X),(X),(X),27.7,(X),(X),(X),(X),(X),(X),(X),(X),(X),(X),(X),25.4,(X)
0500000US06087,06087,"Santa Cruz County, California",93982,2069,57254,2909,44769,2909,36728,2779,6.8,1.6,3.1,1.5,1.0,0.8,13.6,3.5,4.0,1.2,2.4,0.9,0.8,0.6,6.8,2.5,8.9,1.5,6.3,1.6,3.8,1.5,15.1,3.2,6.8,1.6,5.6,1.6,3.9,1.6,8.6,2.8,13.2,1.9,12.1,2.5,10.7,2.6,13.8,2.7,15.1,2.1,15.6,2.1,16.1,2.7,14.1,3.5,13.0,1.6,13.0,2.1,14.3,2.5,11.8,2.9,16.6,2.1,21.6,2.8,24.9,3.3,9.1,2.5,8.1,1.5,10.9,2.3,12.7,2.8,3.7,1.9,7.4,1.2,9.4,1.6,11.9,2.1,3.2,1.1,68438,5190,82904,5735,98832,6615,41001,4168,87206,3832,103413,5364,N,N,58359,4446,26.5,(X),(X),(X),(X),(X),(X),(X),(X),(X),26.0,(X),(X),(X),(X),(X),(X),(X),(X),(X),(X),(X),25.4,(X)
0500000US06089,06089,"Shasta County, California",69729,1751,43687,2209,32054,1914,26042,2154,8.3,1.6,5.9,1.7,2.5,1.1,14.1,3.5,7.8,1.6,3.7,1.2,2.2,1.3,15.2,3.6,14.4,2.0,11.3,2.5,7.4,2.5,20.5,3.7,14.6,1.7,13.5,2.3,11.4,2.4,15.5,3.0,14.1,1.9,16.1,2.8,16.9,3.2,11.4,2.6,18.1,2.4,20.7,2.9,23.3,3.7,12.7,3.5,8.6,1.4,9.7,1.7,12.0,2.3,5.8,2.2,9.1,1.4,11.7,1.9,14.5,2.5,3.9,2.1,3.0,0.8,4.4,1.3,6.1,1.7,0.3,0.3,2.1,0.8,3.0,1.1,3.7,1.5,0.6,0.7,40332,3172,49550,3278,60656,7402,25056,2263,54920,2694,65404,3946,N,N,35167,3222,24.6,(X),(X),(X),(X),(X),(X),(X),(X),(X),26.6,(X),(X),(X),(X),(X),(X),(X),(X),(X),(X),(X),20.8,(X)
0500000US06095,06095,"Solano County, California",142577,1713,99781,2473,69728,2725,42796,2663,6.1,0.9,5.2,1.4,2.3,1.0,10.1,2.0,4.5,0.8,2.8,0.7,0.9,0.5,8.4,1.8,7.0,1.2,4.5,1.2,2.6,1.1,12.5,2.3,8.4,1.3,8.2,1.6,6.0,1.6,10.2,2.4,12.3,1.3,12.0,1.6,10.0,1.8,14.7,2.9,17.8,1.6,16.8,1.3,16.6,1.7,20.4,3.4,14.6,1.5,15.3,1.7,17.6,2.3,11.3,2.6,17.0,1.5,20.2,1.9,24.3,2.5,8.8,2.4,7.5,1.0,8.9,1.3,11.5,1.7,2.4,0.8,4.8,0.8,6.1,1.1,8.1,1.4,1.2,0.6,63520,3371,75598,2511,90366,3665,42830,4599,80551,2715,90281,3592,105450,4514,53100,2640,30.7,(X),(X),(X),(X),(X),(X),(X),(X),(X),30.3,(X),(X),(X),(X),(X),(X),(X),(X),(X),(X),(X),28.1,(X)
0500000US06097,06097,"Sonoma County, California",189087,2036,115059,3368,85536,3305,74028,3581,4.5,0.8,3.3,0.9,1.4,0.6,7.5,1.8,5.0,0.7,1.9,0.7,0.8,0.6,10.2,1.8,9.0,1.1,6.7,1.5,4.7,1.5,13.8,1.7,8.8,1.0,8.0,1.3,7.3,1.5,10.4,1.8,13.3,1.1,12.5,1.5,10.9,1.6,15.1,2.0,18.2,1.5,18.3,2.0,17.4,2.0,17.6,2.1,12.6,1.2,14.3,1.7,15.1,1.8,9.4,1.7,15.4,1.2,18.5,1.7,22.3,2.0,8.2,1.5,7.1,0.9,8.6,1.3,10.4,1.6,4.6,1.1,6.2,0.9,7.9,1.4,9.8,1.8,3.2,1.0,61029,1565,73969,2830,88005,3794,42015,3114,84692,3352,97567,4710,111137,6103,60713,4014,30.4,(X),(X),(X),(X),(X),(X),(X),(X),(X),29.6,(X),(X),(X),(X),(X),(X),(X),(X),(X),(X),(X),28.9,(X)
0500000US06099,06099,"Stanislaus County, California",167411,1910,123423,3212,82438,3682,43988,3141,6.5,1.0,5.9,1.2,1.6,0.6,13.1,2.7,7.4,1.1,4.9,1.0,2.6,0.8,14.8,3.1,11.9,1.5,10.9,1.6,6.9,1.5,15.0,3.1,11.0,1.3,10.0,1.3,8.8,1.6,13.0,2.6,14.6,1.8,13.2,1.7,11.5,1.8,17.6,3.5,18.7,1.4,21.3,1.8,23.3,2.4,12.2,2.6,10.3,1.2,11.1,1.5,14.2,2.1,6.8,1.9,11.7,1.1,13.1,1.4,17.6,1.9,4.8,1.4,4.7,0.9,6.0,1.1,8.2,1.5,1.0,0.7,3.2,0.6,3.6,0.8,5.2,1.2,1.7,0.7,47962,2536,55336,1991,69506,2329,29536,2729,67565,5341,74825,7172,92561,10763,41706,2852,34.8,(X),(X),(X),(X),(X),(X),(X),(X),(X),35.0,(X),(X),(X),(X),(X),(X),(X),(X),(X),(X),(X),30.9,(X)
0500000US06101,06101,"Sutter County, California",31753,849,23491,1342,N,N,8262,1102,6.1,2.0,5.5,2.4,N,N,9.7,3.8,5.8,2.0,2.5,1.4,N,N,17.1,6.3,10.5,2.4,6.7,2.5,N,N,20.6,5.4,13.0,2.9,11.5,3.0,N,N,19.1,6.6,15.2,3.3,15.1,3.8,N,N,13.8,5.1,17.4,2.8,23.3,4.3,N,N,9.2,4.0,11.9,2.9,13.1,3.5,N,N,5.8,4.0,13.5,2.7,13.9,3.5,N,N,4.2,2.7,4.0,1.6,5.0,2.1,N,N,0.0,2.0,2.7,1.1,3.4,1.4,N,N,0.5,0.8,49139,4861,59297,5180,66149,8899,25897,4042,68348,5326,77360,7122,N,N,34873,4371,30.9,(X),(X),(X),(X),(X),(X),(X),(X),(X),30.7,(X),(X),(X),(X),(X),(X),(X),(X),(X),(X),(X),28.6,(X)
0500000US06107,06107,"Tulare County, California",133409,2175,104333,3638,69915,3482,29076,2844,10.4,1.3,9.4,1.6,4.0,1.2,18.4,3.3,6.3,0.9,5.8,1.1,3.7,1.3,11.6,2.6,15.8,1.6,14.9,1.7,12.5,2.2,17.4,3.6,12.0,1.4,13.3,1.7,12.9,1.7,9.9,3.2,15.6,1.6,14.8,1.8,15.0,2.2,17.2,4.2,17.2,1.9,17.2,2.0,18.5,2.5,11.3,3.3,8.7,1.3,8.8,1.6,11.6,2.3,7.8,3.1,8.9,1.3,9.9,1.4,13.1,2.0,5.2,2.6,2.7,0.8,3.2,1.0,4.7,1.4,0.5,0.7,2.4,0.6,2.7,0.7,3.9,1.0,0.6,0.7,39422,2284,40747,1998,51604,2980,27879,5182,54293,2291,57370,2451,69638,3406,37272,3686,39.6,(X),(X),(X),(X),(X),(X),(X),(X),(X),40.1,(X),(X),(X),(X),(X),(X),(X),(X),(X),(X),(X),32.6,(X)
0500000US06111,06111,"Ventura County, California",265788,2602,195871,4105,149308,4286,69917,3806,3.2,0.5,2.2,0.5,0.7,0.2,7.3,1.6,3.6,0.5,1.9,0.5,1.1,0.4,8.6,1.7,7.9,0.8,6.9,1.0,4.5,0.9,13.1,1.8,6.7,0.6,6.1,0.7,4.9,0.8,9.9,1.8,11.0,0.9,10.3,1.1,9.3,1.3,11.9,1.7,16.0,1.1,16.1,1.1,14.3,1.1,17.3,2.4,13.3,1.0,13.2,1.2,13.9,1.4,12.0,2.0,19.1,1.3,21.0,1.6,24.1,2.1,12.1,2.1,8.8,0.8,10.3,1.1,12.5,1.3,3.1,0.9,10.6,0.9,12.0,1.1,14.7,1.4,4.8,1.3,77363,2133,86048,2696,101822,2692,48713,4193,101302,2527,109835,3063,123879,3843,67231,4188,29.4,(X),(X),(X),(X),(X),(X),(X),(X),(X),29.8,(X),(X),(X),(X),(X),(X),(X),(X),(X),(X),(X),25.2,(X)
0500000US06113,06113,"Yolo County, California",71024,1660,43180,2178,33404,2504,27844,2002,8.8,1.9,4.5,1.8,1.4,0.9,17.3,4.0,5.8,1.5,2.0,0.9,1.0,0.9,12.0,3.7,10.5,2.0,6.0,2.0,4.1,1.3,16.6,3.7,8.4,2.0,6.3,2.1,4.8,2.0,12.6,3.4,13.3,2.1,14.2,3.1,13.2,3.7,13.3,3.6,18.6,2.2,19.7,2.8,19.2,2.9,14.3,3.4,9.7,1.9,13.6,2.9,15.5,3.2,4.9,2.3,13.0,1.9,16.1,2.6,19.0,3.2,6.4,1.8,6.5,1.3,8.7,1.9,11.1,2.4,2.2,1.1,5.4,1.1,8.7,1.7,10.5,2.2,0.3,0.4,54898,5475,72160,4144,85018,8808,27743,4317,74221,3455,94165,5014,N,N,40111,3022,26.3,(X),(X),(X),(X),(X),(X),(X),(X),(X),25.7,(X),(X),(X),(X),(X),(X),(X),(X),(X),(X),(X),25.4,(X)
0500000US06115,06115,"Yuba County, California",25053,1223,18005,1368,N,N,7048,1171,5.7,2.3,7.0,3.3,N,N,7.2,4.2,8.5,3.1,6.3,3.0,N,N,13.7,8.0,13.4,3.1,9.8,3.3,N,N,21.7,6.3,15.4,4.3,14.2,4.7,N,N,19.5,8.1,12.3,3.3,13.1,3.8,N,N,8.6,5.0,24.8,4.2,27.1,5.2,N,N,21.4,8.6,9.4,2.7,10.2,3.4,N,N,3.6,3.2,9.0,2.9,10.3,3.6,N,N,4.2,3.3,0.8,0.6,1.1,0.9,N,N,0.0,2.4,0.7,0.7,1.0,0.9,N,N,0.0,2.4,43801,5685,49561,6219,60608,3126,26614,3285,50975,3601,55529,4915,N,N,36112,4977,21.1,(X),(X),(X),(X),(X),(X),(X),(X),(X),23.3,(X),(X),(X),(X),(X),(X),(X),(X),(X),(X),(X),13.6,(X)
0500000US08001,08001,"Adams County, Colorado",157392,1900,111051,3146,81668,3120,46341,2824,4.8,0.8,3.1,0.8,1.3,0.5,9.1,2.1,3.4,0.6,2.7,0.7,1.6,0.6,5.9,1.7,8.9,1.2,7.4,1.3,4.7,1.1,14.5,2.9,11.2,1.5,10.0,1.6,8.4,1.7,15.3,3.6,16.7,1.6,15.4,1.4,13.5,1.8,22.0,3.8,19.5,1.4,20.9,1.8,21.0,2.0,15.0,2.5,14.2,1.6,15.7,1.8,18.6,2.3,8.9,2.6,13.9,1.4,16.0,1.6,20.0,2.1,6.5,2.3,4.3,0.6,5.1,0.9,6.5,1.1,1.7,0.8,3.1,0.6,3.7,0.8,4.5,1.0,1.1,0.7,54878,2563,63754,2126,74199,4276,39019,3689,69922,1779,76522,2344,86285,2696,48437,3228,30.7,(X),(X),(X),(X),(X),(X),(X),(X),(X),31.3,(X),(X),(X),(X),(X),(X),(X),(X),(X),(X),(X),25.4,(X)
0500000US08005,08005,"Arapahoe County, Colorado",230276,2183,150954,2974,111596,3330,79322,2784,5.6,0.8,3.9,0.9,1.3,0.5,10.1,1.6,3.6,0.6,2.0,0.6,0.7,0.3,7.1,1.3,8.9,0.9,5.8,1.0,4.2,0.9,14.9,1.6,9.6,0.9,8.7,1.2,6.6,1.2,12.5,1.9,13.3,1.1,11.3,1.2,9.2,1.2,17.3,2.2,19.5,1.1,19.7,1.5,19.3,1.8,18.6,1.9,13.4,1.1,15.9,1.4,18.2,1.7,8.0,1.5,14.7,1.1,17.6,1.3,21.0,1.7,7.6,1.4,6.0,0.6,7.7,0.9,9.8,1.2,2.0,0.6,5.6,0.6,7.5,0.9,9.6,1.2,2.0,0.6,60956,1387,72867,2656,86610,2563,39793,2974,81016,2245,94009,3025,109096,3777,52702,3175,25.6,(X),(X),(X),(X),(X),(X),(X),(X),(X),25.8,(X),(X),(X),(X),(X),(X),(X),(X),(X),(X),(X),22.8,(X)
0500000US08013,08013,"Boulder County, Colorado",123498,2148,71323,2343,56573,2213,52175,2402,6.6,1.1,2.5,0.8,1.4,0.8,12.3,2.4,3.8,0.8,1.4,0.7,0.8,0.6,7.4,1.6,7.7,1.2,4.0,1.2,2.7,1.1,12.7,2.2,7.6,1.2,5.2,1.4,3.3,1.0,11.8,2.2,10.0,1.3,7.2,1.4,4.8,1.2,14.2,2.5,16.4,1.4,17.5,2.0,16.4,2.0,14.2,2.1,13.9,1.5,16.1,1.9,16.3,2.0,10.8,2.3,16.0,1.6,20.8,2.1,23.7,2.3,9.7,2.2,8.8,1.2,11.8,1.7,14.3,2.2,3.9,1.2,9.2,1.1,13.4,1.6,16.3,1.9,3.1,1.6,71604,2063,92363,3867,108216,5696,40665,3752,94913,3514,118415,4827,N,N,61086,6168,23.8,(X),(X),(X),(X),(X),(X),(X),(X),(X),21.3,(X),(X),(X),(X),(X),(X),(X),(X),(X),(X),(X),25.7,(X)
0500000US08031,08031,"Denver County, Colorado",273050,3115,127393,4169,89494,3460,145657,4536,9.3,1.0,5.4,1.2,2.2,1.0,13.1,1.4,5.4,0.7,3.8,1.1,2.1,1.0,6.9,1.2,10.1,0.9,8.5,1.4,5.6,1.4,11.8,1.3,11.2,1.1,9.3,1.4,6.9,1.4,13.0,1.4,12.8,1.0,12.8,1.5,11.9,1.7,13.3,1.4,16.3,1.1,14.5,1.4,14.7,1.7,17.6,1.5,11.1,1.0,12.7,1.5,13.8,1.8,9.1,1.4,12.0,0.9,15.2,1.2,18.8,1.8,9.1,1.3,5.6,0.7,8.2,1.1,10.4,1.5,3.0,0.8,6.1,0.6,9.7,1.1,13.6,1.5,2.9,0.6,51089,1181,65155,4763,87628,3437,41048,1267,76688,2693,94793,3843,115159,4832,59557,4157,26.9,(X),(X),(X),(X),(X),(X),(X),(X),(X),29.7,(X),(X),(X),(X),(X),(X),(X),(X),(X),(X),(X),23.9,(X)
0500000US08035,08035,"Douglas County, Colorado",106874,1236,83832,2097,71961,2680,23042,2006,1.5,0.6,1.2,0.7,0.6,0.4,3.7,1.9,1.8,0.6,0.5,0.3,0.5,0.4,6.6,2.8,3.3,0.8,1.5,0.7,1.4,0.7,9.8,2.5,5.4,1.2,4.1,1.2,2.8,1.1,11.4,3.2,7.3,1.0,6.1,1.1,4.6,1.0,12.3,3.0,14.4,1.9,13.5,2.1,11.5,1.9,18.2,3.8,13.9,1.6,13.5,1.6,13.0,1.8,13.6,3.4,24.6,2.4,27.5,2.8,30.4,3.1,13.3,3.2,13.1,1.5,14.9,1.8,16.3,2.1,5.6,2.0,14.6,1.7,17.0,2.1,18.7,2.2,5.5,2.6,102961,3740,114000,3706,122047,2961,57427,5121,125412,4329,137087,5249,N,N,78410,8469,23.4,(X),(X),(X),(X),(X),(X),(X),(X),(X),22.6,(X),(X),(X),(X),(X),(X),(X),(X),(X),(X),(X),24.7,(X)
0500000US08041,08041,"El Paso County, Colorado",240131,3023,165157,4291,127768,4016,74974,4109,5.3,0.7,2.6,0.7,0.7,0.3,11.7,1.7,3.0,0.5,1.8,0.4,1.1,0.5,5.9,1.4,9.8,1.2,7.3,1.3,4.6,1.0,16.3,2.2,10.6,0.9,8.8,1.1,6.8,1.1,15.4,2.2,14.6,1.1,13.0,1.3,11.6,1.5,18.7,2.2,18.6,1.3,19.4,1.7,19.7,1.8,16.0,2.0,14.4,1.0,16.9,1.5,19.0,1.7,8.0,1.5,14.0,1.2,17.3,1.6,20.7,1.8,6.2,1.5,5.8,0.8,7.8,1.1,9.4,1.4,0.8,0.4,3.9,0.6,5.1,0.8,6.3,1.0,1.0,0.5,57098,2486,69131,2994,81096,1762,35372,1608,75943,2018,87561,2537,98667,2980,47390,3377,27.2,(X),(X),(X),(X),(X),(X),(X),(X),(X),27.5,(X),(X),(X),(X),(X),(X),(X),(X),(X),(X),(X),25.1,(X)
0500000US08059,08059,"Jefferson County, Colorado",221172,1925,141995,3006,111577,3304,79177,3004,3.8,0.7,2.1,0.7,1.5,0.6,7.4,1.5,3.0,0.6,1.8,0.5,1.0,0.4,5.7,1.4,8.9,0.9,5.5,0.9,2.9,0.9,15.5,2.2,8.2,1.0,5.3,1.0,3.7,0.9,13.6,1.9,12.0,1.2,9.9,1.2,8.0,1.2,17.2,2.3,19.3,1.3,19.0,1.7,18.0,1.6,19.0,2.0,14.1,1.0,16.0,1.4,17.2,1.6,10.8,1.5,16.8,1.1,21.5,1.8,24.5,1.9,7.2,1.2,7.2,0.8,9.6,1.1,11.8,1.4,1.9,0.7,6.7,0.6,9.3,0.9,11.3,1.2,1.8,0.6,68201,2063,85184,2408,96521,2333,41067,2976,88761,2382,106007,3197,N,N,54120,3020,24.8,(X),(X),(X),(X),(X),(X),(X),(X),(X),23.8,(X),(X),(X),(X),(X),(X),(X),(X),(X),(X),(X),25.3,(X)
0500000US08069,08069,"Larimer County, Colorado",123877,2106,75624,3009,61100,3197,48253,2856,5.2,0.9,2.8,1.0,1.0,0.6,10.0,2.1,4.6,0.9,2.0,0.8,0.6,0.4,8.7,2.0,9.9,1.3,5.2,1.4,3.7,1.4,17.6,3.0,10.5,1.5,9.2,1.8,6.9,1.6,13.0,2.8,13.1,1.4,9.9,1.7,8.6,1.7,17.5,2.9,19.0,1.7,20.3,2.0,20.9,2.4,16.7,2.8,12.4,1.3,16.1,1.8,18.2,2.0,7.0,1.9,15.0,1.4,20.6,2.1,23.7,2.3,5.6,1.5,5.2,1.0,7.2,1.4,8.6,1.7,1.5,0.7,5.1,1.1,6.8,1.4,7.9,1.6,2.4,1.3,59052,2807,76161,4683,86788,3771,35495,3770,78307,3659,94328,4457,N,N,50932,5246,25.1,(X),(X),(X),(X),(X),(X),(X),(X),(X),22.8,(X),(X),(X),(X),(X),(X),(X),(X),(X),(X),(X),28.0,(X)
0500000US08077,08077,"Mesa County, Colorado",58466,1474,39595,1798,N,N,18871,1600,10.3,2.7,7.7,2.9,N,N,16.3,5.1,4.9,1.6,2.4,1.3,N,N,10.1,3.7,11.1,2.3,11.3,3.4,N,N,15.1,3.8,12.0,2.1,10.6,2.6,N,N,14.0,3.7,14.0,2.2,11.5,2.6,N,N,17.7,4.7,18.2,2.6,21.3,3.6,N,N,10.7,3.2,11.3,2.6,11.9,2.9,N,N,9.9,3.7,10.8,1.6,13.8,2.3,N,N,3.5,1.7,4.4,1.5,6.1,2.3,N,N,0.7,0.8,3.0,1.1,3.5,1.3,N,N,1.8,2.1,46723,4977,55485,4777,70539,6482,29941,3746,64523,5125,74045,7445,N,N,42277,5596,24.7,(X),(X),(X),(X),(X),(X),(X),(X),(X),26.7,(X),(X),(X),(X),(X),(X),(X),(X),(X),(X),(X),20.3,(X)
0500000US08101,08101,"Pueblo County, Colorado",62604,1524,41038,1826,27409,1614,21566,1628,9.2,1.4,5.0,1.6,0.6,0.5,19.3,3.5,8.5,1.7,4.7,1.2,2.6,1.3,16.4,3.9,13.8,2.1,12.9,2.6,10.4,2.9,18.0,3.5,11.7,1.8,12.6,2.9,9.4,2.9,11.0,2.9,14.9,2.1,15.3,2.8,14.3,3.1,13.4,3.5,20.0,2.3,23.1,2.2,25.0,2.9,11.6,3.3,9.2,1.6,10.7,2.1,15.3,3.0,3.9,1.7,9.4,1.6,11.7,2.3,17.0,3.2,4.4,2.5,2.2,0.8,2.8,1.0,3.7,1.5,1.3,1.0,1.0,0.4,1.1,0.6,1.6,0.8,0.8,0.8,41218,2572,49272,4323,60956,2728,23072,2945,52754,2245,58992,2846,N,N,37146,5148,30.0,(X),(X),(X),(X),(X),(X),(X),(X),(X),31.0,(X),(X),(X),(X),(X),(X),(X),(X),(X),(X),(X),25.9,(X)
0500000US08123,08123,"Weld County, Colorado",92426,1613,67364,1951,50986,1927,25062,1700,6.1,1.2,3.9,1.2,2.0,1.1,14.9,3.2,3.7,0.9,2.8,1.1,1.4,0.8,6.2,2.0,9.4,1.4,7.8,1.7,5.4,1.7,16.7,3.3,10.5,1.4,8.7,1.3,6.5,1.3,15.5,3.1,12.4,1.5,11.7,1.6,11.1,1.8,14.7,2.7,19.9,2.3,21.7,2.7,22.0,2.8,14.3,3.0,15.5,2.0,17.1,2.2,19.2,2.9,8.5,2.9,14.5,1.5,16.7,1.9,20.1,2.4,5.9,1.7,5.1,0.9,6.1,1.2,7.9,1.5,2.2,1.1,2.9,0.7,3.4,0.9,4.2,1.1,1.2,0.9,58611,2251,66807,2686,77116,4829,32430,3041,72246,3510,79404,4488,N,N,46889,4543,34.2,(X),(X),(X),(X),(X),(X),(X),(X),(X),35.0,(X),(X),(X),(X),(X),(X),(X),(X),(X),(X),(X),29.2,(X)
0500000US09001,09001,"Fairfield County, Connecticut",328062,3555,229730,4505,176436,4778,98332,4562,5.4,0.6,2.9,0.5,1.0,0.4,11.6,1.7,3.3,0.5,1.7,0.4,0.9,0.4,7.4,1.3,7.9,0.8,4.8,0.9,2.7,0.7,15.7,1.7,6.4,0.7,5.7,0.7,3.6,0.6,8.8,1.3,9.8,0.8,9.0,1.0,7.5,1.0,11.6,1.4,13.8,0.8,13.0,1.1,12.4,1.2,15.8,1.6,11.3,0.8,11.7,1.2,11.5,1.1,10.0,1.3,16.1,0.9,17.9,1.2,19.2,1.4,10.7,1.3,8.0,0.7,9.6,0.9,11.7,1.1,3.5,0.8,18.2,0.8,23.6,1.1,29.4,1.5,4.8,1.1,82084,2165,101721,3111,127177,3825,42621,3085,136019,4138,163857,5821,191460,7448,66553,3861,35.0,(X),(X),(X),(X),(X),(X),(X),(X),(X),35.4,(X),(X),(X),(X),(X),(X),(X),(X),(X),(X),(X),32.2,(X)
0500000US09003,09003,"Hartford County, Connecticut",345615,3255,228516,4328,160713,4405,117099,4571,6.6,0.7,4.7,0.6,1.4,0.4,11.3,1.4,4.2,0.6,2.3,0.6,0.7,0.3,8.2,1.4,10.1,0.7,6.2,0.8,3.0,0.6,17.7,1.6,7.9,0.7,6.6,0.8,4.3,0.8,10.6,1.3,11.1,0.8,9.5,0.9,7.0,0.9,14.6,1.8,17.2,1.0,17.3,1.3,16.7,1.5,16.3,1.6,13.0,0.8,13.8,1.0,15.7,1.3,10.7,1.5,16.1,1.1,20.1,1.4,25.3,1.7,7.4,1.3,6.8,0.6,9.2,0.9,12.2,1.1,1.9,0.6,7.2,0.5,10.2,0.8,13.7,1.2,1.3,0.5,63603,2317,81071,2005,101307,1971,36761,1948,87838,2141,105548,3093,128018,4273,50889,3144,29.1,(X),(X),(X),(X),(X),(X),(X),(X),(X),29.6,(X),(X),(X),(X),(X),(X),(X),(X),(X),(X),(X),26.6,(X)
0500000US09005,09005,"Litchfield County, Connecticut",75029,1535,50896,1790,42420,2199,24133,1721,4.4,1.1,2.0,0.9,0.9,0.5,10.6,3.0,2.5,0.8,1.5,1.1,0.5,0.4,5.0,1.6,8.6,1.3,3.4,1.2,2.3,1.0,19.6,3.4,7.4,1.4,5.1,1.6,4.5,1.8,12.4,3.0,11.7,1.7,10.9,2.2,10.1,2.4,13.9,3.1,17.9,2.1,17.7,2.5,17.5,2.8,17.3,3.5,15.4,2.0,17.8,2.6,17.7,2.6,11.3,2.9,17.4,2.0,23.4,2.9,25.7,3.3,3.8,1.3,8.5,1.6,9.9,2.0,11.0,2.3,5.1,2.6,6.1,1.5,8.2,2.2,9.8,2.6,1.0,0.9,70981,3524,87052,4656,92356,5959,39307,5610,90110,4841,107113,7129,N,N,51839,4617,39.9,(X),(X),(X),(X),(X),(X),(X),(X),(X),38.8,(X),(X),(X),(X),(X),(X),(X),(X),(X),(X),(X),40.4,(X)
0500000US09007,09007,"Middlesex County, Connecticut",65304,2283,40183,2160,N,N,25121,1996,4.3,1.3,1.3,0.7,N,N,9.6,3.0,3.0,0.9,1.5,1.2,N,N,5.2,1.9,7.7,1.4,2.2,1.2,N,N,17.1,3.3,6.7,1.4,6.1,1.8,N,N,8.2,2.7,9.9,1.9,9.2,2.2,N,N,13.2,3.6,18.1,2.5,17.1,3.0,N,N,20.3,4.2,12.5,2.0,12.3,2.3,N,N,9.8,2.7,18.9,2.4,24.3,3.3,N,N,10.1,3.3,10.0,1.8,14.6,2.8,N,N,2.3,1.1,8.8,1.5,11.4,2.3,N,N,4.4,1.8,75303,5209,100407,6158,112532,6935,45386,6079,97694,5030,116525,6070,N,N,64845,7878,24.8,(X),(X),(X),(X),(X),(X),(X),(X),(X),25.7,(X),(X),(X),(X),(X),(X),(X),(X),(X),(X),(X),23.0,(X)
0500000US09009,09009,"New Haven County, Connecticut",321048,4122,204533,4492,145520,3963,116515,4367,7.0,0.8,3.7,0.9,0.9,0.5,14.1,1.7,5.2,0.7,2.9,0.7,1.2,0.5,9.9,1.6,9.3,0.8,6.1,1.0,3.0,0.8,14.6,1.4,9.0,0.9,7.4,1.0,5.1,0.9,11.9,1.7,12.1,1.0,9.9,1.0,8.8,1.1,15.9,1.9,17.0,1.2,17.3,1.4,16.5,1.6,16.5,1.8,11.8,0.8,13.5,1.0,15.3,1.3,8.4,1.1,15.6,1.0,21.1,1.5,26.1,1.9,5.5,0.9,7.0,0.7,9.9,1.0,12.5,1.4,1.7,0.6,6.0,0.5,8.3,0.8,10.7,1.1,1.3,0.4,58571,2218,78879,3137,98344,3993,34258,2819,81252,2046,100077,3097,117391,3914,45505,1935,32.8,(X),(X),(X),(X),(X),(X),(X),(X),(X),32.7,(X),(X),(X),(X),(X),(X),(X),(X),(X),(X),(X),31.1,(X)
0500000US09011,09011,"New London County, Connecticut",106886,1803,71028,2576,52135,2629,35858,2393,5.3,1.1,3.5,1.2,1.0,0.7,9.2,2.4,2.7,0.9,1.3,0.8,0.5,0.4,6.1,1.9,7.6,1.4,4.7,1.4,2.3,0.9,14.6,3.2,9.1,1.6,6.5,1.6,5.8,1.7,14.3,3.5,11.2,1.5,9.7,1.8,7.0,1.6,14.0,2.5,21.5,2.2,23.2,2.6,21.5,2.5,20.4,3.7,14.1,1.5,16.6,2.1,18.2,2.1,9.1,2.6,15.1,1.8,17.4,2.1,22.0,2.7,8.5,2.7,8.1,1.3,10.7,1.8,13.4,2.2,1.4,0.8,5.2,0.9,6.5,1.2,8.5,1.5,2.4,1.2,62883,3149,76099,3127,91258,3253,40536,4155,82557,3180,95132,4287,N,N,52886,3960,26.2,(X),(X),(X),(X),(X),(X),(X),(X),(X),26.3,(X),(X),(X),(X),(X),(X),(X),(X),(X),(X),(X),25.0,(X)
0500000US09013,09013,"Tolland County, Connecticut",53396,1604,35408,2101,N,N,17988,2040,2.4,0.9,0.3,0.4,N,N,6.4,2.9,3.3,0.9,1.5,1.0,N,N,7.5,2.5,7.1,2.0,3.6,1.7,N,N,15.3,4.7,7.8,2.0,6.3,2.3,N,N,12.1,4.0,11.4,2.5,9.1,2.0,N,N,15.9,5.1,19.9,3.1,17.8,3.0,N,N,24.7,5.8,13.6,2.4,17.4,3.3,N,N,6.5,2.9,19.0,2.4,23.1,3.6,N,N,6.5,2.4,8.3,1.9,11.3,2.5,N,N,1.7,1.3,7.4,1.6,9.4,2.2,N,N,3.3,2.5,72954,3780,87898,6438,106990,8138,43051,5572,91973,5274,107759,6415,N,N,55873,7390,31.4,(X),(X),(X),(X),(X),(X),(X),(X),(X),31.8,(X),(X),(X),(X),(X),(X),(X),(X),(X),(X),(X),30.1,(X)
0500000US09015,09015,"Windham County, Connecticut",44520,1313,29999,1672,N,N,14521,1574,6.5,2.4,4.3,2.3,N,N,12.1,6.0,5.8,1.8,2.4,1.2,N,N,14.5,5.1,11.2,2.3,9.6,2.5,N,N,16.4,4.7,10.5,2.7,9.1,3.2,N,N,11.9,4.7,12.1,2.5,12.4,2.7,N,N,12.2,4.5,15.7,3.0,15.4,3.4,N,N,15.7,4.5,14.3,2.5,15.8,3.6,N,N,10.9,4.3,16.4,2.6,20.4,3.8,N,N,5.3,2.7,5.7,1.6,7.8,2.3,N,N,0.7,0.9,1.9,0.8,2.7,1.2,N,N,0.3,0.6,57503,6522,70064,8274,82697,8595,31438,3152,69579,4481,80800,5524,N,N,42012,5051,30.7,(X),(X),(X),(X),(X),(X),(X),(X),(X),32.7,(X),(X),(X),(X),(X),(X),(X),(X),(X),(X),(X),23.7,(X)
0500000US10001,10001,"Kent County, Delaware",62053,1263,43954,1683,30653,1974,18099,1628,5.8,1.7,4.4,1.6,1.5,1.3,10.0,3.8,5.2,1.5,2.5,1.0,0.9,0.8,11.9,4.2,9.2,1.8,9.4,2.4,4.3,1.8,12.7,3.6,11.0,2.1,10.9,2.9,8.2,2.3,10.2,3.3,14.3,2.2,11.3,2.4,12.3,2.6,21.1,4.9,22.2,2.7,22.7,3.2,24.6,3.8,20.4,5.4,13.0,2.0,14.5,2.4,16.6,3.1,7.4,3.0,12.6,2.0,15.8,2.8,19.8,3.7,4.7,2.3,4.2,1.2,5.7,1.7,7.6,2.4,0.6,0.7,2.5,1.2,3.0,1.7,4.2,2.4,1.0,1.3,54794,2991,61285,2421,72916,5167,39887,6255,66594,3529,73861,4472,N,N,45591,7125,29.3,(X),(X),(X),(X),(X),(X),(X),(X),(X),25.2,(X),(X),(X),(X),(X),(X),(X),(X),(X),(X),(X),36.7,(X)
0500000US10003,10003,"New Castle County, Delaware",199167,2441,130170,3407,93229,3328,68997,3001,6.1,0.8,3.6,0.9,1.1,0.7,11.8,1.8,3.4,0.6,1.4,0.4,0.4,0.2,7.7,1.6,8.4,0.9,6.2,1.0,4.6,1.3,13.2,1.7,9.3,1.2,7.1,1.3,5.0,1.2,13.6,2.1,12.4,1.1,10.2,1.2,8.1,1.3,17.5,2.1,18.7,1.3,19.6,1.8,18.1,2.0,16.4,2.3,12.7,1.1,14.2,1.6,14.7,1.9,9.7,1.7,15.2,1.4,19.7,1.7,23.8,2.2,6.0,1.4,7.2,0.8,8.9,1.0,12.1,1.4,2.9,1.1,6.6,0.6,9.1,0.9,12.2,1.2,1.3,0.6,63109,2250,77662,2934,95961,3922,37917,2513,85668,2547,101834,3343,120599,4317,51260,3518,34.8,(X),(X),(X),(X),(X),(X),(X),(X),(X),35.0,(X),(X),(X),(X),(X),(X),(X),(X),(X),(X),(X),32.5,(X)
0500000US10005,10005,"Sussex County, Delaware",77851,2746,54240,2649,40851,2604,23611,1944,6.7,1.6,4.5,1.7,1.2,0.7,13.9,3.6,4.8,0.9,3.5,1.2,1.0,0.6,8.7,2.1,10.7,1.4,7.0,1.5,7.2,2.0,19.2,3.4,11.0,1.5,9.8,2.0,8.5,2.1,13.9,3.0,16.0,1.8,15.1,2.2,14.9,2.6,20.7,4.3,20.5,2.0,23.0,2.5,24.2,3.0,12.6,3.0,13.0,1.6,16.4,2.3,18.4,2.8,5.2,1.7,11.2,1.5,14.1,2.0,16.1,2.3,2.6,1.0,3.6,1.1,3.9,1.2,5.0,1.5,1.6,1.3,2.4,0.8,2.7,1.0,3.5,1.3,1.7,1.0,50629,2156,60220,4137,67147,3348,29973,3141,63099,2542,70536,3212,N,N,40826,3439,38.1,(X),(X),(X),(X),(X),(X),(X),(X),(X),40.2,(X),(X),(X),(X),(X),(X),(X),(X),(X),(X),(X),31.9,(X)
0500000US11001,11001,"District of Columbia, District of Columbia",271651,3228,120467,4214,65805,3264,151184,4516,10.9,0.9,9.0,1.2,1.6,0.8,13.0,1.3,4.4,0.6,3.7,0.8,2.5,1.1,4.9,1.0,7.4,1.0,8.1,1.3,3.3,1.1,7.4,1.2,6.9,0.8,8.4,1.3,4.9,1.6,5.8,0.9,9.3,0.9,8.2,1.4,5.7,1.4,10.0,1.3,14.9,1.1,13.3,1.6,11.2,1.9,16.0,1.7,10.4,0.9,8.3,1.2,7.8,1.5,11.9,1.4,15.5,0.9,13.6,1.3,17.8,2.2,16.9,1.3,8.2,0.9,9.1,1.2,14.2,2.1,7.5,1.2,12.0,0.8,18.2,1.3,31.0,2.7,6.5,0.8,67572,3383,72337,5358,133600,8251,63192,3442,102882,3025,126862,6095,186866,11529,80921,2739,31.5,(X),(X),(X),(X),(X),(X),(X),(X),(X),35.4,(X),(X),(X),(X),(X),(X),(X),(X),(X),(X),(X),27.1,(X)
0500000US12001,12001,"Alachua County, Florida",98247,2785,49386,2962,35649,2916,48861,3306,15.3,1.8,8.9,2.3,2.8,1.2,23.3,3.0,6.6,1.5,3.4,1.2,1.1,0.8,9.5,2.5,10.6,1.6,6.7,1.5,4.3,1.7,14.2,2.6,13.3,2.0,11.0,2.1,8.6,1.8,15.9,3.1,14.7,2.1,12.8,2.8,12.5,3.3,17.1,3.0,15.2,2.3,18.3,2.8,20.8,3.2,10.7,3.0,9.5,1.5,12.6,2.3,15.6,2.9,6.4,1.7,7.9,1.2,14.0,2.3,18.1,3.0,1.8,0.7,3.1,0.8,5.6,1.5,7.5,2.1,0.5,0.5,3.7,0.9,6.7,1.6,8.8,2.2,0.6,0.5,38454,2549,57592,5579,74774,6813,26399,1607,57429,3414,79751,5538,N,N,33818,2825,35.5,(X),(X),(X),(X),(X),(X),(X),(X),(X),35.2,(X),(X),(X),(X),(X),(X),(X),(X),(X),(X),(X),34.9,(X)
0500000US12005,12005,"Bay County, Florida",63558,2743,42392,2217,30845,1991,21166,1963,6.7,1.8,4.9,1.9,2.8,1.8,11.9,4.0,5.1,1.4,1.9,1.0,1.6,1.2,12.2,3.5,13.3,2.3,12.7,3.2,6.5,2.4,16.8,4.4,13.0,1.7,10.3,2.0,7.7,2.1,19.2,3.9,16.1,2.5,15.0,2.4,16.5,3.0,16.7,4.2,20.8,2.6,23.7,3.2,25.2,4.1,13.0,3.5,9.0,1.5,11.3,2.2,13.8,2.9,2.8,1.4,9.4,1.5,11.0,2.1,14.3,2.6,6.0,2.8,3.8,1.2,5.3,1.7,6.5,2.2,0.7,0.8,2.8,1.0,3.9,1.3,5.2,1.8,0.7,0.8,45594,2519,53741,2700,62961,3607,29337,2818,60729,3574,70470,5102,N,N,38543,4371,41.3,(X),(X),(X),(X),(X),(X),(X),(X),(X),39.4,(X),(X),(X),(X),(X),(X),(X),(X),(X),(X),(X),42.4,(X)
0500000US12009,12009,"Brevard County, Florida",218325,3547,139278,3490,103396,3329,79047,3349,7.4,1.0,4.0,0.9,2.0,0.8,13.9,2.2,6.2,1.0,4.3,1.3,1.7,1.2,10.5,2.0,11.8,1.1,8.5,1.3,5.9,1.2,18.5,2.1,11.8,1.0,11.1,1.5,9.5,1.4,13.5,1.7,15.9,1.4,15.2,1.8,13.3,1.9,17.1,2.4,19.4,1.4,21.0,1.6,23.4,2.0,14.9,2.3,11.1,1.1,14.0,1.7,16.8,1.9,5.4,1.3,10.9,1.1,14.4,1.6,17.7,2.0,4.5,1.2,2.9,0.5,4.2,0.7,5.3,0.9,0.8,0.4,2.5,0.5,3.4,0.8,4.4,1.0,0.9,0.5,46472,1836,56845,1743,66741,3300,29246,1912,60739,1805,71246,2575,82011,3312,40315,2643,32.0,(X),(X),(X),(X),(X),(X),(X),(X),(X),31.3,(X),(X),(X),(X),(X),(X),(X),(X),(X),(X),(X),32.1,(X)
0500000US12011,12011,"Broward County, Florida",662488,7539,423377,7173,284204,7337,239111,6428,8.0,0.6,5.0,0.6,2.5,0.5,14.5,1.3,5.5,0.5,3.5,0.5,1.9,0.4,9.3,0.9,10.8,0.6,8.9,0.7,6.4,0.8,15.0,1.3,10.9,0.7,10.0,0.9,8.1,1.1,12.8,1.2,14.3,0.8,14.4,1.0,12.7,1.2,15.0,1.4,17.9,0.8,18.5,1.0,18.6,1.2,16.1,1.5,11.6,0.7,13.2,0.8,14.9,1.0,7.7,1.1,12.0,0.6,14.8,0.9,18.7,1.2,6.2,0.7,4.1,0.4,5.3,0.5,7.3,0.8,1.7,0.4,4.8,0.4,6.4,0.7,8.9,0.9,1.8,0.3,50446,817,59352,1285,74615,2442,33168,2068,72233,1820,83716,2256,100425,2946,48775,2809,35.4,(X),(X),(X),(X),(X),(X),(X),(X),(X),37.3,(X),(X),(X),(X),(X),(X),(X),(X),(X),(X),(X),29.7,(X)
0500000US12015,12015,"Charlotte County, Florida",69035,2398,44533,2444,N,N,24502,2203,8.1,1.7,4.4,1.7,N,N,16.9,4.0,5.8,1.3,3.4,1.4,N,N,9.7,3.1,11.5,2.0,7.9,2.0,N,N,17.9,3.6,13.3,2.1,12.6,2.6,N,N,15.7,3.9,17.5,2.2,19.9,3.1,N,N,11.4,3.2,19.8,2.5,23.4,3.3,N,N,12.7,3.7,11.0,1.9,11.9,2.3,N,N,9.3,3.0,9.1,1.9,11.4,2.3,N,N,4.6,2.4,2.4,0.9,3.0,1.1,N,N,1.2,1.3,1.6,0.8,2.2,1.2,N,N,0.6,0.6,43698,1777,51016,1960,54530,5091,27842,3491,57263,2992,64987,3499,N,N,41566,6285,33.2,(X),(X),(X),(X),(X),(X),(X),(X),(X),34.4,(X),(X),(X),(X),(X),(X),(X),(X),(X),(X),(X),31.2,(X)
0500000US12017,12017,"Citrus County, Florida",62131,2330,41362,2211,N,N,20769,2068,9.1,2.0,6.9,2.3,N,N,13.9,4.2,8.3,1.9,3.2,1.6,N,N,19.2,4.8,15.5,2.2,10.4,2.4,N,N,26.1,4.8,12.5,2.5,11.6,2.7,N,N,13.6,4.4,14.3,2.3,17.0,3.1,N,N,10.8,3.4,19.0,2.2,24.8,3.1,N,N,6.7,3.0,11.7,2.4,15.5,3.2,N,N,2.6,1.5,6.7,1.8,7.5,2.0,N,N,4.7,3.3,1.6,0.7,1.8,1.0,N,N,1.2,1.0,1.3,0.7,1.3,1.0,N,N,1.1,1.0,40015,3181,50992,4526,56829,2708,21328,1609,50370,2889,57730,3695,N,N,34348,5474,32.5,(X),(X),(X),(X),(X),(X),(X),(X),(X),35.0,(X),(X),(X),(X),(X),(X),(X),(X),(X),(X),(X),25.7,(X)
0500000US12019,12019,"Clay County, Florida",67630,2056,50316,2465,37336,2345,17314,1985,5.4,1.7,3.8,1.7,1.9,1.1,13.1,5.3,3.7,1.2,1.6,1.0,0.9,0.8,8.6,3.2,9.3,2.2,6.4,2.2,5.8,2.5,16.6,4.9,8.2,1.9,8.0,2.1,6.9,2.6,8.7,3.7,15.4,2.5,15.9,2.9,12.7,3.0,18.8,4.8,22.2,3.2,22.6,3.5,22.2,4.0,19.3,5.9,13.4,2.6,15.8,3.2,18.7,3.8,4.5,2.6,14.0,2.7,16.6,3.6,20.3,4.8,4.8,3.0,4.3,1.5,5.5,2.0,6.5,2.4,0.7,1.1,4.1,1.7,3.8,1.7,4.1,1.6,4.9,4.0,57757,4052,64036,3548,73951,6982,36500,4560,75090,6754,78890,5880,N,N,60313,20460,34.5,(X),(X),(X),(X),(X),(X),(X),(X),(X),32.5,(X),(X),(X),(X),(X),(X),(X),(X),(X),(X),(X),38.0,(X)
0500000US12021,12021,"Collier County, Florida",130614,4604,85790,4414,65655,3823,44824,2969,6.1,1.2,3.6,1.0,2.9,1.0,11.6,2.8,3.4,0.8,1.9,0.8,1.2,0.8,6.5,1.6,10.2,1.4,8.9,1.6,6.1,1.6,14.7,2.5,10.6,1.6,8.6,1.8,6.3,1.6,15.0,3.1,15.3,1.9,14.8,2.1,12.9,2.0,15.7,3.0,18.0,1.9,19.4,2.3,19.7,2.7,13.8,3.0,10.7,1.6,11.2,1.8,12.6,2.0,9.3,2.7,12.4,1.6,14.6,1.9,17.5,2.3,7.7,2.6,3.9,0.8,5.2,1.2,6.6,1.5,1.7,0.7,9.2,1.3,11.8,1.8,14.1,2.2,4.0,1.5,54406,4231,63980,3594,75882,3597,36244,2534,89719,6420,105735,9367,N,N,56881,5399,30.4,(X),(X),(X),(X),(X),(X),(X),(X),(X),30.1,(X),(X),(X),(X),(X),(X),(X),(X),(X),(X),(X),30.4,(X)
0500000US12023,12023,"Columbia County, Florida",23827,1180,14726,1314,N,N,9101,1209,5.9,2.3,3.8,2.6,N,N,10.0,4.6,9.5,2.7,3.4,2.5,N,N,20.1,6.6,12.2,3.1,9.5,3.8,N,N,19.2,6.0,10.1,3.7,9.4,4.4,N,N,9.4,5.5,18.4,4.0,19.2,5.4,N,N,17.7,7.2,21.3,4.2,22.5,5.5,N,N,18.7,7.6,10.1,2.9,14.5,4.3,N,N,0.9,1.2,6.8,2.6,9.1,3.9,N,N,3.0,2.7,3.9,2.1,6.3,3.5,N,N,0.0,2.1,1.7,1.1,2.3,1.6,N,N,0.9,1.4,45220,4578,56321,9737,66878,7229,25934,7544,56629,4479,68819,6963,N,N,35213,4987,41.8,(X),(X),(X),(X),(X),(X),(X),(X),(X),38.8,(X),(X),(X),(X),(X),(X),(X),(X),(X),(X),(X),44.6,(X)
0500000US12031,12031,"Duval County, Florida",333859,4294,204823,5192,139096,4445,129036,4664,8.4,0.7,6.0,0.9,1.8,0.6,13.1,1.6,5.4,0.7,3.8,0.7,1.8,0.5,8.4,1.4,10.7,0.9,6.9,1.0,4.0,0.9,17.6,2.0,12.0,0.9,10.6,1.2,7.9,1.2,14.6,1.5,15.2,1.0,14.4,1.4,13.0,1.5,16.9,1.9,19.1,1.2,20.2,1.6,21.5,1.9,15.9,1.6,10.9,0.9,13.5,1.3,16.9,1.6,6.2,1.2,10.5,0.9,14.5,1.3,19.0,1.7,3.8,0.9,4.1,0.6,5.6,0.9,7.8,1.2,1.3,0.6,3.6,0.5,4.5,0.7,6.3,1.0,2.2,0.7,47906,1603,59147,2692,75029,3414,32053,1385,66130,2038,76979,2663,93957,3387,46098,3350,34.4,(X),(X),(X),(X),(X),(X),(X),(X),(X),34.7,(X),(X),(X),(X),(X),(X),(X),(X),(X),(X),(X),32.5,(X)
0500000US12033,12033,"Escambia County, Florida",113079,2828,65847,3421,47048,2952,47232,3064,7.6,1.3,5.6,1.7,3.2,1.6,10.8,2.3,4.7,0.9,2.6,0.9,1.3,0.8,8.0,1.8,13.7,1.9,8.7,1.8,4.5,1.4,20.8,3.1,13.4,1.6,9.7,1.8,7.8,1.8,19.2,3.0,16.8,2.0,17.0,2.4,16.5,2.9,16.2,3.4,20.1,2.1,24.6,2.5,27.3,3.1,13.8,2.9,12.2,1.6,15.6,2.2,18.8,2.8,7.4,2.0,7.3,1.2,10.2,1.7,13.2,2.2,2.6,1.2,2.1,0.6,3.3,0.9,4.3,1.2,0.3,0.3,1.9,0.6,2.7,1.0,3.2,1.2,1.0,0.6,42877,2312,54087,2369,63461,3473,30471,1671,57287,3093,69393,5100,80306,6573,39039,2683,25.2,(X),(X),(X),(X),(X),(X),(X),(X),(X),27.1,(X),(X),(X),(X),(X),(X),(X),(X),(X),(X),(X),21.5,(X)
0500000US12035,12035,"Flagler County, Florida",35509,1831,24943,1591,N,N,10566,1385,6.4,2.0,4.7,2.1,N,N,10.3,4.1,5.4,2.1,2.2,1.7,N,N,13.9,5.3,10.0,2.6,6.4,2.7,N,N,18.7,6.1,15.8,3.2,16.1,4.0,N,N,17.0,5.0,16.3,3.1,18.3,4.0,N,N,13.8,4.9,23.1,3.7,26.0,4.6,N,N,15.8,5.0,10.0,2.5,10.7,2.7,N,N,5.3,5.0,7.9,2.7,10.1,3.6,N,N,2.7,1.9,3.1,1.4,2.8,1.6,N,N,2.0,1.7,2.0,1.0,2.6,1.3,N,N,0.5,0.8,46055,4153,51573,3775,56735,3733,27150,3725,59269,4875,66187,6694,N,N,38738,5519,35.0,(X),(X),(X),(X),(X),(X),(X),(X),(X),32.4,(X),(X),(X),(X),(X),(X),(X),(X),(X),(X),(X),39.9,(X)
0500000US12053,12053,"Hernando County, Florida",69373,2313,48790,2540,37019,2530,20583,2108,8.6,1.7,5.2,1.7,3.0,1.2,17.9,4.1,7.5,1.6,3.4,1.5,3.5,1.8,15.8,4.3,14.5,1.9,10.7,2.3,8.6,2.1,24.3,3.7,14.0,1.9,13.5,2.5,11.9,2.4,16.1,3.6,17.9,2.1,19.8,3.1,21.3,3.8,12.2,3.6,18.3,2.2,23.1,2.9,23.4,3.1,7.9,2.9,10.7,1.6,13.1,2.4,15.3,2.7,3.5,2.3,5.5,1.3,7.2,1.7,8.1,1.9,1.8,1.5,1.8,0.7,2.2,1.0,2.8,1.2,0.2,0.3,1.3,0.6,1.7,0.9,2.2,1.1,0.2,0.3,39193,2676,47137,2819,50940,2378,21828,1767,50032,2627,58218,3393,N,N,28845,2890,34.3,(X),(X),(X),(X),(X),(X),(X),(X),(X),33.8,(X),(X),(X),(X),(X),(X),(X),(X),(X),(X),(X),33.7,(X)
0500000US12055,12055,"Highlands County, Florida",40368,1888,25152,2141,N,N,15216,1620,10.8,3.1,6.8,3.1,N,N,17.7,6.6,7.5,1.9,4.1,2.1,N,N,13.3,3.8,15.9,3.1,13.4,3.5,N,N,20.7,5.7,17.9,3.1,18.0,4.0,N,N,17.4,4.7,14.1,2.6,14.4,3.6,N,N,14.3,3.8,17.7,3.1,21.6,4.3,N,N,10.0,4.1,8.9,2.5,11.5,3.6,N,N,4.3,2.8,5.0,1.4,8.0,2.2,N,N,0.2,0.4,0.9,0.6,1.1,0.8,N,N,0.8,1.1,1.3,0.8,1.3,1.1,N,N,1.3,1.5,33811,1919,42223,3381,49376,6564,23661,4567,48403,4838,57095,7112,N,N,33407,5486,40.9,(X),(X),(X),(X),(X),(X),(X),(X),(X),39.2,(X),(X),(X),(X),(X),(X),(X),(X),(X),(X),(X),42.2,(X)
0500000US12057,12057,"Hillsborough County, Florida",485230,4739,309452,5758,216303,5620,175778,4820,7.9,0.8,5.1,0.8,2.3,0.6,14.2,1.5,5.7,0.6,3.8,0.5,1.9,0.5,9.9,1.2,11.4,0.7,8.3,0.8,5.8,0.8,17.2,1.5,10.9,0.8,10.5,1.0,8.0,0.9,12.2,1.4,14.3,0.9,13.4,0.9,11.8,1.0,16.2,1.5,17.7,0.9,18.4,1.1,18.6,1.3,15.6,1.5,11.3,0.6,13.3,0.8,16.0,1.1,7.2,1.0,11.4,0.7,14.8,1.0,19.0,1.3,4.0,0.8,4.4,0.4,5.9,0.6,7.9,0.8,1.5,0.5,4.9,0.5,6.5,0.7,8.8,1.0,1.9,0.4,49597,1319,61448,1797,77764,3039,31437,1221,69711,1711,82167,2369,98466,3126,44611,2049,32.1,(X),(X),(X),(X),(X),(X),(X),(X),(X),31.9,(X),(X),(X),(X),(X),(X),(X),(X),(X),(X),(X),30.8,(X)
0500000US12061,12061,"Indian River County, Florida",57435,2647,37264,2249,N,N,20171,2190,6.0,1.9,3.6,1.8,N,N,10.4,4.4,4.3,1.6,2.2,1.5,N,N,9.1,3.6,16.7,2.6,11.3,2.6,N,N,28.4,5.4,13.4,2.3,13.6,3.1,N,N,13.2,3.7,16.7,2.5,17.9,2.9,N,N,15.7,3.4,16.5,2.0,18.0,2.7,N,N,11.9,3.7,10.1,2.0,11.5,2.4,N,N,6.4,2.9,9.5,1.9,12.8,2.7,N,N,3.1,1.5,1.3,0.6,1.9,0.9,N,N,0.4,0.6,5.4,1.4,7.3,1.8,N,N,1.4,1.3,42401,3147,51490,3945,58939,4756,26250,3079,66564,4984,78788,5514,N,N,41356,7282,35.2,(X),(X),(X),(X),(X),(X),(X),(X),(X),35.1,(X),(X),(X),(X),(X),(X),(X),(X),(X),(X),(X),34.5,(X)
0500000US12069,12069,"Lake County, Florida",120523,3581,82178,4210,66784,3647,38345,3517,7.0,1.4,4.5,1.4,2.6,1.0,13.7,3.3,5.1,1.1,2.4,1.1,1.5,0.7,11.0,2.8,13.2,1.5,9.5,1.6,8.4,1.6,22.0,3.7,13.3,1.6,11.3,1.8,9.6,1.7,17.8,3.8,17.3,1.9,17.4,2.4,17.3,2.5,17.2,3.5,19.0,1.9,22.8,2.5,25.0,2.8,9.9,2.1,12.3,1.8,16.2,2.5,16.8,2.8,4.1,1.6,8.6,1.5,10.7,1.9,12.8,2.2,2.8,1.9,2.3,0.8,2.8,1.0,3.0,1.1,1.3,1.0,1.9,0.6,2.5,0.9,3.1,1.1,0.2,0.3,44026,2669,55027,3143,59000,3024,26851,2581,57039,2472,66108,3155,N,N,34908,2873,32.8,(X),(X),(X),(X),(X),(X),(X),(X),(X),33.8,(X),(X),(X),(X),(X),(X),(X),(X),(X),(X),(X),29.2,(X)
0500000US12071,12071,"Lee County, Florida",241238,5166,161263,5120,125657,4582,79975,3750,7.3,0.9,5.4,0.9,2.2,0.7,12.4,1.9,6.0,0.8,3.0,0.6,1.6,0.6,12.3,2.1,12.1,1.1,8.1,1.0,6.2,1.0,20.5,2.5,12.5,1.1,12.2,1.3,10.8,1.6,13.7,1.9,15.7,1.3,15.9,1.5,15.4,1.6,15.1,2.1,17.4,1.0,18.9,1.4,20.3,1.7,13.5,2.1,11.2,1.0,13.8,1.4,16.2,1.8,5.2,1.3,10.0,0.9,12.7,1.2,14.8,1.5,4.1,1.0,3.8,0.6,5.0,0.8,6.2,1.1,1.4,0.7,4.0,0.6,5.0,0.8,6.2,1.0,1.8,0.7,46383,1342,54983,1975,65211,2934,27874,2268,66957,2419,77929,3435,88903,4360,42611,2667,32.2,(X),(X),(X),(X),(X),(X),(X),(X),(X),31.4,(X),(X),(X),(X),(X),(X),(X),(X),(X),(X),(X),32.9,(X)
0500000US12073,12073,"Leon County, Florida",111033,2241,63332,2840,44294,2548,47701,2701,12.9,1.7,5.9,1.5,2.6,1.2,23.0,3.6,5.1,1.1,2.1,1.1,1.3,1.1,9.2,2.2,10.0,1.4,7.5,1.6,2.9,1.2,14.6,2.7,10.3,1.5,9.2,1.9,6.4,2.0,12.5,2.7,14.8,1.9,12.2,2.2,8.1,2.0,17.6,2.6,16.4,1.9,19.7,2.6,21.1,3.1,11.8,2.1,11.3,1.3,14.7,1.9,18.8,2.6,5.9,1.8,10.7,1.3,15.5,2.0,20.3,2.7,3.8,1.2,4.4,1.0,7.4,1.7,10.3,2.4,0.4,0.4,4.0,0.9,6.0,1.5,8.3,2.2,1.3,0.8,46859,2283,67924,4132,84679,4683,27423,3175,64761,2599,83465,4146,N,N,37539,3572,34.3,(X),(X),(X),(X),(X),(X),(X),(X),(X),34.2,(X),(X),(X),(X),(X),(X),(X),(X),(X),(X),(X),33.0,(X)
0500000US12081,12081,"Manatee County, Florida",131890,3116,84887,3639,67726,3530,47003,3038,6.9,1.2,4.3,1.3,2.3,1.0,12.4,2.2,4.8,0.9,2.7,0.6,1.7,0.6,9.5,1.9,13.5,1.6,9.6,1.8,6.8,1.7,21.4,3.3,10.3,1.2,9.3,1.5,9.3,1.7,11.6,2.1,15.9,1.8,14.2,1.8,12.8,2.0,18.3,3.5,17.5,1.8,20.8,2.2,22.1,2.6,11.7,2.7,10.9,1.4,13.2,1.8,15.0,2.2,6.8,1.7,12.3,1.7,15.6,2.3,18.1,2.7,5.5,1.6,3.4,0.8,4.9,1.2,5.2,1.2,1.2,0.8,4.4,1.0,5.5,1.4,6.7,1.7,1.6,0.9,48309,2368,59571,2434,68986,3362,29665,2642,68866,3924,81885,5582,N,N,42685,2997,38.9,(X),(X),(X),(X),(X),(X),(X),(X),(X),40.7,(X),(X),(X),(X),(X),(X),(X),(X),(X),(X),(X),34.9,(X)
0500000US12083,12083,"Marion County, Florida",133098,3774,88800,3644,67055,3224,44298,3377,8.9,1.6,5.9,1.6,2.1,0.8,16.7,3.7,7.4,1.4,4.4,1.3,3.5,1.4,13.5,3.4,17.0,1.7,12.8,1.8,9.7,2.2,25.4,3.8,12.4,1.5,11.4,1.8,11.4,1.9,14.6,3.2,16.4,2.1,19.3,2.6,19.2,3.0,11.3,2.7,17.6,1.9,20.9,2.3,24.0,3.0,11.4,2.4,9.2,1.5,12.0,1.9,14.2,2.4,2.6,1.3,7.7,1.2,9.8,1.6,11.5,1.9,2.0,1.1,1.8,0.7,2.0,1.0,2.1,1.1,1.8,1.3,1.5,0.5,1.7,0.7,2.2,0.8,0.6,0.6,38695,1652,46240,2515,52986,3769,22516,1630,51039,2220,58257,2310,N,N,33905,4048,36.4,(X),(X),(X),(X),(X),(X),(X),(X),(X),36.2,(X),(X),(X),(X),(X),(X),(X),(X),(X),(X),(X),35.8,(X)
0500000US12085,12085,"Martin County, Florida",61546,2827,38821,2580,N,N,22725,2248,6.4,1.6,2.8,1.4,N,N,12.5,3.9,5.0,1.7,3.3,2.1,N,N,8.3,2.9,12.6,2.3,8.3,2.8,N,N,20.7,3.7,13.5,2.5,11.1,2.6,N,N,16.8,5.1,12.8,2.3,13.8,3.0,N,N,11.6,3.7,14.5,2.4,15.0,2.8,N,N,13.7,4.1,11.1,2.0,14.8,2.8,N,N,5.2,2.6,12.1,1.9,14.8,2.5,N,N,6.9,2.5,5.4,1.8,6.7,2.2,N,N,2.9,2.6,6.5,1.4,9.4,2.0,N,N,1.5,1.2,49444,6416,66714,6196,79982,6210,30007,4438,79621,5323,97057,6722,N,N,48964,6936,30.7,(X),(X),(X),(X),(X),(X),(X),(X),(X),32.2,(X),(X),(X),(X),(X),(X),(X),(X),(X),(X),(X),28.2,(X)
0500000US12086,12086,"Miami-Dade County, Florida",839491,7623,570537,9931,362728,9011,268954,7016,10.7,0.6,6.3,0.6,3.1,0.5,21.6,1.2,7.2,0.5,5.8,0.6,4.7,0.6,11.1,1.1,13.5,0.6,13.2,0.7,10.4,0.8,15.8,1.3,10.9,0.6,11.9,0.7,10.1,0.8,10.0,1.1,14.6,0.6,15.1,0.7,14.1,1.0,12.6,1.2,16.3,0.7,16.8,0.8,17.5,1.0,13.4,1.1,9.2,0.6,10.1,0.7,11.9,1.0,6.3,0.8,9.7,0.6,11.4,0.8,15.1,1.1,4.9,0.5,3.6,0.3,4.2,0.4,5.9,0.6,1.7,0.4,4.3,0.3,5.1,0.4,7.2,0.6,2.5,0.4,41913,648,46904,940,60021,1616,26170,1321,64339,1231,71585,1551,87460,2260,44870,2088,31.4,(X),(X),(X),(X),(X),(X),(X),(X),(X),32.2,(X),(X),(X),(X),(X),(X),(X),(X),(X),(X),(X),27.8,(X)
0500000US12087,12087,"Monroe County, Florida",26426,1659,14869,1613,N,N,11557,1385,9.7,2.6,6.2,2.8,N,N,17.0,5.6,4.9,2.0,2.7,2.1,N,N,7.7,3.7,11.6,3.0,8.5,3.8,N,N,14.6,5.2,11.3,3.0,8.4,3.6,N,N,16.6,5.2,11.4,2.4,12.3,3.8,N,N,12.2,3.7,17.2,3.2,15.3,3.5,N,N,16.0,4.5,11.1,2.4,13.2,3.6,N,N,6.8,2.6,10.1,2.2,13.5,3.4,N,N,6.1,2.4,6.2,2.2,9.3,3.9,N,N,1.9,1.4,6.5,2.3,10.7,3.9,N,N,1.1,0.9,50838,3977,70674,8027,79155,6975,31130,4015,81735,12444,108686,21185,N,N,44384,5263,39.6,(X),(X),(X),(X),(X),(X),(X),(X),(X),39.2,(X),(X),(X),(X),(X),(X),(X),(X),(X),(X),(X),37.6,(X)
0500000US12089,12089,"Nassau County, Florida",28272,1279,20273,1469,N,N,7999,1465,4.8,2.5,5.0,3.4,N,N,7.3,4.6,4.6,2.0,3.4,2.3,N,N,7.6,4.5,10.8,3.4,8.0,4.1,N,N,17.4,6.7,11.4,2.6,7.2,3.1,N,N,19.7,7.7,12.6,2.9,14.0,4.0,N,N,12.4,6.0,20.0,4.1,20.0,4.3,N,N,19.0,8.7,12.9,3.6,13.3,4.1,N,N,10.5,6.4,16.1,3.2,20.4,4.1,N,N,4.4,3.4,3.4,1.5,4.3,2.1,N,N,1.0,1.6,3.3,1.7,4.3,2.4,N,N,0.6,1.0,54330,6004,61532,9010,78168,9959,33899,5747,69523,5084,78322,6721,N,N,43427,6064,35.2,(X),(X),(X),(X),(X),(X),(X),(X),(X),36.5,(X),(X),(X),(X),(X),(X),(X),(X),(X),(X),(X),31.7,(X)
0500000US12091,12091,"Okaloosa County, Florida",73931,2326,50268,2630,37762,2619,23663,2274,6.3,1.8,5.2,1.8,1.5,0.8,10.9,4.0,5.6,1.5,3.2,1.6,1.5,0.8,10.9,3.6,9.3,1.6,6.4,1.8,5.8,1.7,15.2,3.2,9.4,1.8,7.9,1.9,5.5,1.8,12.8,3.5,13.4,2.1,12.9,2.1,10.3,2.4,14.7,4.0,21.8,2.5,24.1,3.0,25.5,3.4,19.2,3.7,12.6,2.1,14.0,2.2,17.1,2.8,9.0,3.3,13.8,2.1,16.4,2.6,20.2,3.4,4.4,2.1,4.5,1.0,5.3,1.2,6.8,1.6,2.2,1.5,3.4,0.9,4.6,1.3,5.8,1.8,0.8,0.7,55139,3186,62096,3053,74806,4693,35114,4241,71037,3969,81097,4886,N,N,45005,4239,43.5,(X),(X),(X),(X),(X),(X),(X),(X),(X),41.9,(X),(X),(X),(X),(X),(X),(X),(X),(X),(X),(X),45.1,(X)
0500000US12095,12095,"Orange County, Florida",424191,6559,271246,6378,185455,6769,152945,6007,7.6,0.9,5.7,0.9,2.1,0.6,12.4,1.6,5.1,0.6,3.9,0.8,2.1,0.7,8.7,1.2,12.1,1.0,9.8,1.2,6.4,1.1,16.5,1.7,12.3,1.0,11.0,1.2,9.0,1.4,14.7,1.6,15.7,0.9,14.9,1.2,14.2,1.3,16.5,1.8,19.2,1.3,20.8,1.5,22.0,1.9,16.1,1.9,9.9,0.9,11.0,1.2,13.6,1.6,7.2,1.1,10.7,1.0,13.2,1.4,17.3,1.9,4.9,0.9,3.7,0.6,4.8,0.9,6.6,1.2,1.8,0.6,3.6,0.5,4.9,0.7,6.8,1.0,1.2,0.4,46716,1123,55450,2007,68156,2352,32311,1477,64671,1874,74948,2638,90061,3482,43690,1933,36.6,(X),(X),(X),(X),(X),(X),(X),(X),(X),35.9,(X),(X),(X),(X),(X),(X),(X),(X),(X),(X),(X),36.8,(X)
0500000US12097,12097,"Osceola County, Florida",87201,4253,66657,3827,46475,3159,20544,2512,9.4,2.3,7.8,2.4,3.4,1.7,17.4,5.9,7.3,1.6,6.0,1.7,4.2,1.8,13.6,4.6,10.4,2.1,8.6,2.2,7.0,2.4,18.4,5.4,14.7,2.2,15.3,2.6,13.6,3.3,12.0,3.7,16.5,2.6,16.8,3.1,15.9,3.8,16.7,4.6,20.8,2.8,22.4,3.2,26.4,4.1,14.2,4.4,9.3,2.0,10.6,2.5,13.3,3.2,3.1,1.9,7.5,1.5,8.1,1.8,10.9,2.5,3.8,2.7,1.9,0.8,1.9,0.8,2.4,1.1,0.4,0.6,2.1,0.9,2.5,1.1,2.9,1.5,0.5,0.7,41361,2613,45776,4206,56372,3567,25379,4622,53895,3416,57913,4134,N,N,33858,3680,44.2,(X),(X),(X),(X),(X),(X),(X),(X),(X),43.6,(X),(X),(X),(X),(X),(X),(X),(X),(X),(X),(X),44.5,(X)
0500000US12099,12099,"Palm Beach County, Florida",530459,6166,328633,6129,238941,5581,201826,5297,6.5,0.5,4.5,0.5,2.2,0.5,11.0,1.1,5.4,0.5,3.1,0.4,1.7,0.4,9.2,1.0,11.3,0.7,8.1,0.8,5.9,0.7,16.9,1.3,10.3,0.6,9.5,0.9,7.5,0.9,12.0,1.0,14.6,0.6,13.5,0.9,12.5,1.0,16.5,1.3,17.9,0.9,18.9,1.1,19.4,1.3,15.7,1.5,11.2,0.7,13.0,1.0,14.5,1.2,7.3,1.0,11.8,0.7,14.9,0.9,17.8,1.1,6.5,0.9,4.5,0.4,5.7,0.7,7.2,0.8,2.2,0.6,6.6,0.5,8.8,0.7,11.5,0.9,2.6,0.5,51804,936,63741,2196,76266,1869,35629,1316,80662,2004,95980,2744,112923,3477,52770,2462,38.1,(X),(X),(X),(X),(X),(X),(X),(X),(X),38.5,(X),(X),(X),(X),(X),(X),(X),(X),(X),(X),(X),36.2,(X)
0500000US12101,12101,"Pasco County, Florida",184123,4021,119535,3891,91223,3351,64588,3497,7.2,1.0,4.3,0.9,2.0,0.7,14.8,2.4,6.1,0.8,2.5,0.7,1.6,0.6,13.0,1.9,13.3,1.1,9.2,1.3,7.5,1.2,21.7,2.2,12.7,1.2,12.3,1.5,10.9,1.5,13.5,2.1,15.0,1.2,15.5,1.6,14.6,1.8,14.2,2.1,19.3,1.3,21.7,1.8,22.5,2.1,13.6,2.0,10.8,1.1,14.3,1.5,15.8,1.8,3.3,1.2,10.0,1.0,13.0,1.4,15.8,1.7,4.1,1.3,3.2,0.6,4.3,0.8,5.2,1.1,0.8,0.6,2.4,0.5,3.1,0.7,4.0,0.9,0.9,0.8,45678,1500,55699,1768,62034,2865,25302,1350,58940,1700,69677,2203,77971,2661,36462,3075,31.9,(X),(X),(X),(X),(X),(X),(X),(X),(X),30.5,(X),(X),(X),(X),(X),(X),(X),(X),(X),(X),(X),32.4,(X)
0500000US12103,12103,"Pinellas County, Florida",401197,5293,216335,6132,158044,5081,184862,5428,8.0,0.8,5.0,0.8,2.1,0.6,12.4,1.4,6.6,0.6,3.0,0.7,1.7,0.6,11.4,1.1,13.1,0.8,8.4,1.0,5.7,0.8,18.7,1.3,12.3,0.7,10.3,1.0,8.5,1.1,14.8,1.3,15.6,0.9,15.6,1.2,13.3,1.3,15.9,1.3,17.8,0.9,20.4,1.2,22.0,1.5,14.3,1.3,10.0,0.7,13.5,1.1,16.0,1.4,5.2,0.8,9.8,0.8,13.7,1.2,17.2,1.6,4.7,0.7,3.5,0.4,5.1,0.7,7.0,1.0,1.3,0.4,3.3,0.4,5.0,0.7,6.5,0.9,1.2,0.4,43703,1091,58100,1867,70585,2759,30003,1150,62496,1587,77816,2610,91524,3189,41552,1525,36.0,(X),(X),(X),(X),(X),(X),(X),(X),(X),35.8,(X),(X),(X),(X),(X),(X),(X),(X),(X),(X),(X),35.4,(X)
0500000US12105,12105,"Polk County, Florida",214500,5084,144977,4923,107243,4357,69523,3651,7.6,0.8,5.2,1.1,2.1,0.8,15.2,2.2,6.1,0.9,3.9,1.0,2.4,0.9,11.0,1.8,14.1,1.0,11.4,1.3,9.5,1.5,20.6,2.3,12.6,1.2,11.5,1.4,10.2,1.5,15.5,2.1,16.2,1.3,17.3,1.8,15.8,2.1,14.6,2.2,19.7,1.3,21.5,1.8,24.0,1.9,14.1,2.4,11.8,1.1,14.4,1.5,17.5,1.9,4.6,1.1,7.8,0.8,9.9,1.1,12.1,1.4,2.3,0.9,2.1,0.4,2.5,0.6,3.3,0.8,1.2,0.6,1.9,0.5,2.4,0.6,3.2,0.9,1.0,0.7,42435,1473,50443,1499,57498,2734,26427,1250,55506,1709,62758,2398,71620,3098,36866,2641,37.9,(X),(X),(X),(X),(X),(X),(X),(X),(X),40.1,(X),(X),(X),(X),(X),(X),(X),(X),(X),(X),(X),31.5,(X)
0500000US12107,12107,"Putnam County, Florida",25806,1609,15533,1774,N,N,10273,1775,17.7,4.4,7.5,3.8,N,N,33.8,8.2,8.5,2.5,6.0,2.4,N,N,12.1,5.3,13.4,3.1,12.6,3.8,N,N,15.3,5.4,13.8,3.9,14.3,5.1,N,N,12.9,5.3,14.6,3.6,16.9,4.5,N,N,10.1,4.6,15.0,3.8,20.6,5.1,N,N,6.6,4.1,9.0,2.8,10.9,3.9,N,N,6.6,4.7,5.4,2.3,6.8,2.8,N,N,2.6,4.0,0.6,0.7,1.0,1.1,N,N,0.0,1.9,2.0,1.7,3.3,2.8,N,N,0.0,1.9,32295,3510,43393,3592,51697,9649,16743,3868,45044,5410,56687,7679,N,N,27021,5313,35.5,(X),(X),(X),(X),(X),(X),(X),(X),(X),39.4,(X),(X),(X),(X),(X),(X),(X),(X),(X),(X),(X),29.5,(X)
0500000US12109,12109,"St. Johns County, Florida",77916,2377,54042,2572,44141,2660,23874,2196,6.2,1.4,3.8,1.7,1.3,0.7,13.3,3.8,3.4,0.9,1.3,0.9,0.9,0.6,8.1,2.9,8.5,2.1,5.7,2.0,4.0,1.8,14.8,4.1,10.2,1.9,7.8,1.8,5.7,1.6,17.1,4.3,11.5,1.9,10.1,2.3,9.0,3.0,13.1,4.1,16.4,2.8,16.8,3.1,17.9,3.7,14.4,4.4,13.0,2.2,14.6,3.0,16.0,3.2,8.8,2.7,14.2,2.4,18.3,3.3,20.5,3.6,4.9,2.4,7.7,1.7,10.2,2.4,12.1,2.7,2.2,1.3,9.0,1.7,11.3,2.3,12.6,2.8,3.4,1.5,64862,4782,81476,7714,92149,7485,32485,3787,93340,6214,109081,7619,N,N,55668,7570,33.8,(X),(X),(X),(X),(X),(X),(X),(X),(X),34.0,(X),(X),(X),(X),(X),(X),(X),(X),(X),(X),(X),31.9,(X)
0500000US12111,12111,"St. Lucie County, Florida",104336,3783,71879,3930,51721,3952,32457,2984,11.2,1.8,8.1,2.1,3.9,1.7,18.8,4.3,5.9,1.3,4.3,1.7,2.8,1.4,10.9,2.8,12.1,1.9,9.0,2.1,4.9,1.7,19.1,4.3,12.4,1.8,10.5,2.1,9.9,2.6,15.6,3.4,16.7,2.3,18.0,3.1,19.0,3.5,13.6,3.1,16.0,2.3,18.2,3.0,19.6,3.4,11.1,3.2,11.5,2.2,14.4,3.1,17.9,4.1,4.8,2.0,9.0,2.2,11.1,3.0,14.4,3.8,4.1,1.5,2.4,0.9,3.0,1.3,3.9,1.7,0.9,0.7,2.9,1.0,3.4,1.5,3.6,1.5,1.3,0.9,42504,3692,50175,3706,60880,4893,25529,1962,60235,5041,68632,6773,N,N,38821,4444,35.4,(X),(X),(X),(X),(X),(X),(X),(X),(X),36.4,(X),(X),(X),(X),(X),(X),(X),(X),(X),(X),(X),32.4,(X)
0500000US12113,12113,"Santa Rosa County, Florida",59584,1540,43916,2042,N,N,15668,2037,6.8,2.6,3.8,1.7,N,N,19.5,8.0,4.4,1.5,2.5,1.3,N,N,10.1,4.5,11.9,2.3,8.4,2.8,N,N,22.8,5.8,7.6,1.8,8.3,2.4,N,N,8.3,4.0,12.2,2.3,10.5,2.1,N,N,16.2,6.0,25.0,2.9,27.1,4.0,N,N,16.4,5.6,11.9,2.2,14.1,2.9,N,N,3.1,2.1,13.9,2.5,17.3,3.5,N,N,2.2,1.8,3.9,1.1,5.0,1.5,N,N,0.8,1.0,2.4,1.1,3.1,1.4,N,N,0.5,0.8,54843,3910,65043,3306,72326,5950,24075,4632,66549,4260,76040,4500,N,N,33775,5086,27.9,(X),(X),(X),(X),(X),(X),(X),(X),(X),25.6,(X),(X),(X),(X),(X),(X),(X),(X),(X),(X),(X),30.3,(X)
0500000US12115,12115,"Sarasota County, Florida",170628,3695,100797,4049,80999,3687,69831,3445,5.9,0.9,3.5,1.1,2.6,0.9,10.3,2.0,5.2,0.9,2.9,1.1,0.8,0.6,8.8,1.9,12.6,1.6,7.3,1.4,6.5,1.4,20.4,3.2,12.1,1.4,8.8,1.4,8.2,1.5,16.8,2.5,15.6,1.4,16.8,1.9,15.3,2.0,14.1,2.2,19.4,1.7,22.3,2.2,22.3,2.5,15.8,2.4,11.5,1.2,14.6,1.8,16.4,2.1,6.1,1.3,9.7,1.2,12.5,1.7,14.6,2.1,4.8,1.3,3.4,0.7,4.9,1.1,5.9,1.4,0.9,0.5,4.6,0.7,6.3,1.1,7.3,1.4,2.1,1.0,48263,2365,60990,2750,67781,3400,30828,1642,69051,2660,84317,4341,N,N,44912,3080,42.8,(X),(X),(X),(X),(X),(X),(X),(X),(X),43.4,(X),(X),(X),(X),(X),(X),(X),(X),(X),(X),(X),41.3,(X)
0500000US12117,12117,"Seminole County, Florida",148259,3964,93872,4451,72391,3911,54387,3304,7.0,1.3,4.9,1.2,2.4,0.8,11.8,3.2,3.7,0.8,1.8,0.8,1.1,0.6,7.1,1.7,8.8,1.3,6.2,1.2,4.6,1.3,14.1,2.8,11.0,1.4,8.3,1.7,6.1,1.7,15.3,2.8,14.7,2.0,12.5,1.7,11.4,1.8,19.0,4.3,19.5,1.8,21.7,2.4,21.2,2.8,15.4,2.7,12.4,1.4,14.4,1.9,16.4,2.4,7.3,1.7,13.9,1.7,17.9,2.2,21.3,2.6,6.8,2.3,4.7,1.2,6.3,1.5,7.7,1.9,2.0,1.2,4.4,0.8,6.1,1.2,7.6,1.5,1.2,1.1,55058,2892,69138,3570,80742,4168,35921,2487,71758,2840,85470,4194,96431,5150,46084,3154,41.2,(X),(X),(X),(X),(X),(X),(X),(X),(X),36.7,(X),(X),(X),(X),(X),(X),(X),(X),(X),(X),(X),46.9,(X)
0500000US12119,12119,"Sumter County, Florida",49672,2586,35959,2988,N,N,13713,2465,5.0,2.1,3.0,1.7,N,N,11.3,5.4,5.3,1.9,3.1,1.7,N,N,11.0,5.5,10.2,2.3,5.6,2.1,N,N,23.7,6.6,9.7,2.7,8.2,2.5,N,N,12.4,5.3,16.7,4.1,16.2,4.5,N,N,16.4,7.3,22.9,4.9,28.2,6.4,N,N,8.8,4.1,13.0,3.0,15.8,3.8,N,N,7.0,4.5,12.4,3.2,13.3,4.0,N,N,8.9,5.2,1.0,0.8,1.1,1.1,N,N,0.5,0.8,4.0,2.6,5.5,3.5,N,N,0.0,1.4,52891,3106,60546,6819,63401,5601,30182,7328,65569,6699,74875,8916,N,N,40015,5672,35.8,(X),(X),(X),(X),(X),(X),(X),(X),(X),35.9,(X),(X),(X),(X),(X),(X),(X),(X),(X),(X),(X),35.3,(X)
0500000US12127,12127,"Volusia County, Florida",200107,4635,122553,4493,90389,4092,77554,4096,8.3,1.0,5.4,1.1,2.3,0.8,15.2,2.3,5.8,0.9,3.2,0.9,1.9,0.8,9.5,1.7,14.4,1.2,9.8,1.4,7.3,1.5,21.7,2.5,13.9,1.2,13.5,1.5,12.2,1.8,14.8,2.3,17.9,1.5,17.9,1.6,17.8,1.9,17.5,2.7,17.2,1.1,21.0,1.7,22.8,2.0,11.7,1.7,10.6,1.1,13.7,1.5,16.6,1.8,4.1,1.1,7.3,0.8,9.5,1.1,11.6,1.4,3.2,1.1,2.5,0.6,3.3,0.9,4.2,1.1,1.3,0.9,2.1,0.5,2.7,0.7,3.2,0.9,1.0,0.5,40919,1081,50118,1372,57066,2125,26919,1654,56017,2423,64974,2951,73249,3776,39588,4212,37.1,(X),(X),(X),(X),(X),(X),(X),(X),(X),35.8,(X),(X),(X),(X),(X),(X),(X),(X),(X),(X),(X),37.7,(X)
0500000US13013,13013,"Barrow County, Georgia",23626,826,17920,1061,N,N,5706,954,5.1,1.9,3.7,2.0,N,N,12.5,5.2,3.4,1.5,2.2,1.5,N,N,9.4,5.3,10.3,2.7,6.8,2.7,N,N,26.9,8.7,9.1,2.5,8.6,2.8,N,N,8.1,4.0,16.0,3.4,16.5,3.8,N,N,13.8,6.5,24.7,3.5,26.1,4.6,N,N,18.2,6.4,15.3,3.5,18.0,4.5,N,N,2.7,1.9,13.0,2.5,14.8,3.5,N,N,5.5,3.5,1.6,1.1,1.6,1.2,N,N,1.8,2.3,1.6,1.0,1.8,1.2,N,N,1.1,1.8,56051,4902,61584,3248,65791,3474,26067,7825,65019,4686,70113,5814,N,N,42367,7794,37.2,(X),(X),(X),(X),(X),(X),(X),(X),(X),36.0,(X),(X),(X),(X),(X),(X),(X),(X),(X),(X),(X),34.1,(X)
0500000US13015,13015,"Bartow County, Georgia",34649,1388,24397,1755,N,N,10252,1732,10.7,3.6,6.3,3.3,N,N,22.9,8.6,7.5,3.2,2.4,1.8,N,N,19.8,9.8,11.4,3.1,11.8,3.9,N,N,8.8,4.3,8.5,2.7,7.0,2.4,N,N,13.2,6.9,16.3,3.5,16.8,4.2,N,N,15.3,5.6,19.9,3.7,23.1,4.9,N,N,12.3,6.1,9.6,2.6,12.1,3.3,N,N,2.7,1.9,11.8,2.9,15.6,3.9,N,N,2.7,1.9,1.9,1.2,2.2,1.4,N,N,1.0,1.9,2.3,1.4,2.7,1.7,N,N,1.3,2.1,45191,4164,56632,3661,64793,8485,23357,10344,59236,5422,68116,6013,N,N,36972,10837,29.3,(X),(X),(X),(X),(X),(X),(X),(X),(X),30.8,(X),(X),(X),(X),(X),(X),(X),(X),(X),(X),(X),24.7,(X)
0500000US13021,13021,"Bibb County, Georgia",54441,2022,34071,2170,19812,1837,20370,2196,13.9,2.2,14.3,3.2,4.3,2.7,16.7,4.4,9.2,1.7,6.6,2.0,1.7,1.0,13.6,3.0,13.8,2.1,11.1,2.6,7.1,2.5,16.8,4.0,11.7,2.1,10.3,2.7,6.5,2.2,13.9,3.6,12.4,2.2,11.3,2.5,13.1,3.5,13.1,4.0,18.9,2.6,21.3,3.7,27.8,4.6,14.5,3.4,8.4,1.7,9.2,2.1,14.1,3.3,6.9,3.3,7.5,1.5,10.1,2.0,16.2,3.3,2.7,1.5,2.1,0.8,2.8,1.2,4.2,2.0,0.9,1.0,2.2,0.9,2.9,1.4,4.9,2.4,0.9,0.7,36327,3148,44668,4680,65591,5096,26467,3255,53346,4366,61331,6704,N,N,38738,4892,42.0,(X),(X),(X),(X),(X),(X),(X),(X),(X),44.1,(X),(X),(X),(X),(X),(X),(X),(X),(X),(X),(X),37.1,(X)
0500000US13031,13031,"Bulloch County, Georgia",25010,1512,14376,1621,N,N,10634,1445,17.8,4.2,7.3,4.0,N,N,31.9,8.4,7.8,2.8,5.0,3.6,N,N,11.5,4.9,11.3,3.9,11.3,5.1,N,N,15.8,6.2,10.6,3.5,11.4,3.9,N,N,11.6,5.9,18.3,5.1,16.5,5.4,N,N,17.4,6.8,15.8,3.9,19.5,5.4,N,N,9.5,4.8,7.5,2.6,12.4,4.2,N,N,0.8,1.1,7.2,2.6,11.9,4.3,N,N,1.0,1.2,1.4,1.1,2.5,1.9,N,N,0.0,1.8,2.3,1.5,2.2,1.7,N,N,0.5,0.8,36153,2799,48735,6080,61741,7223,20805,4537,50557,6588,63040,7574,N,N,25699,3874,42.7,(X),(X),(X),(X),(X),(X),(X),(X),(X),42.5,(X),(X),(X),(X),(X),(X),(X),(X),(X),(X),(X),43.0,(X)
0500000US13045,13045,"Carroll County, Georgia",40898,1086,27595,1762,N,N,13303,1676,8.8,2.7,4.1,2.7,N,N,20.6,6.8,5.0,2.0,2.2,1.4,N,N,11.4,5.0,12.1,3.4,7.4,2.9,N,N,20.3,6.9,11.8,2.9,13.6,4.0,N,N,9.0,3.9,17.2,3.6,18.0,5.0,N,N,14.8,4.7,20.5,3.2,23.9,4.4,N,N,13.6,5.3,11.9,2.9,15.0,4.1,N,N,5.0,4.0,9.6,2.6,11.8,3.4,N,N,4.1,2.9,1.3,0.9,1.9,1.3,N,N,0.0,1.4,1.8,1.0,2.1,1.3,N,N,1.1,1.9,45682,2693,55219,5747,65822,5664,21901,6493,60360,8623,71908,12320,N,N,34747,6138,35.3,(X),(X),(X),(X),(X),(X),(X),(X),(X),35.1,(X),(X),(X),(X),(X),(X),(X),(X),(X),(X),(X),33.5,(X)
0500000US13047,13047,"Catoosa County, Georgia",24808,845,18879,1270,N,N,5929,1017,6.6,2.6,5.9,3.4,N,N,9.5,5.6,6.8,2.7,4.0,3.3,N,N,18.7,9.5,11.3,3.3,5.9,3.0,N,N,26.1,10.1,10.3,3.3,8.8,3.9,N,N,17.7,9.9,11.8,3.5,9.8,4.0,N,N,14.1,7.4,24.8,4.3,28.9,5.5,N,N,12.0,7.9,13.2,3.6,17.0,4.6,N,N,1.1,1.8,12.4,3.4,15.6,4.3,N,N,0.8,1.4,2.5,1.9,3.3,2.5,N,N,0.0,3.2,0.6,0.6,0.8,0.8,N,N,0.0,3.2,51608,2983,59343,4524,68647,7513,21701,5262,57983,4792,67002,5959,N,N,27396,3354,24.4,(X),(X),(X),(X),(X),(X),(X),(X),(X),24.8,(X),(X),(X),(X),(X),(X),(X),(X),(X),(X),(X),23.0,(X)
0500000US13051,13051,"Chatham County, Georgia",103748,2533,64790,2957,43112,2959,38958,2389,10.5,1.5,7.1,1.4,1.4,0.9,18.1,3.3,6.6,1.2,4.7,1.5,1.2,0.8,10.2,2.3,11.7,1.4,9.2,1.7,4.8,1.5,16.7,2.9,9.7,1.7,7.7,1.5,5.5,1.9,12.5,2.9,15.8,2.4,13.2,2.5,13.3,3.1,19.4,4.1,15.7,2.0,18.3,2.6,19.9,3.7,10.9,2.9,11.2,1.9,14.4,2.9,18.9,3.9,6.1,1.8,10.7,1.9,14.2,2.8,18.9,3.1,3.8,2.2,3.4,0.7,4.9,1.1,7.3,1.7,0.6,0.5,4.7,1.2,6.3,1.9,8.9,2.9,1.7,1.3,45263,2147,59553,4751,78211,4635,28641,3455,64714,3621,77985,5189,98549,7215,39883,4455,41.3,(X),(X),(X),(X),(X),(X),(X),(X),(X),42.4,(X),(X),(X),(X),(X),(X),(X),(X),(X),(X),(X),37.4,(X)
0500000US13057,13057,"Cherokee County, Georgia",76627,1956,54510,2712,40691,2826,22117,2627,4.6,1.5,4.0,1.8,1.6,1.1,7.3,3.1,3.1,1.4,1.3,0.8,1.1,0.9,7.4,4.0,9.1,2.1,7.2,2.4,5.8,2.3,14.8,5.4,9.9,2.4,8.3,2.5,7.1,2.7,16.3,4.9,11.1,2.0,9.7,1.9,5.4,1.6,15.4,4.4,18.1,2.8,18.7,3.6,17.8,3.6,17.1,5.0,16.2,3.0,18.5,3.4,21.1,4.2,7.8,3.3,16.5,2.6,18.1,3.1,22.7,3.7,10.8,5.2,6.5,1.8,8.1,2.3,9.9,2.9,1.6,1.5,4.8,1.2,6.1,1.5,7.5,2.1,1.5,1.4,64705,5024,75679,4423,88315,6884,40492,5536,82184,6362,92652,7748,N,N,51140,5717,35.0,(X),(X),(X),(X),(X),(X),(X),(X),(X),36.1,(X),(X),(X),(X),(X),(X),(X),(X),(X),(X),(X),30.7,(X)
0500000US13059,13059,"Clarke County, Georgia",44541,1617,20665,1790,N,N,23876,1871,18.2,3.0,8.7,3.2,N,N,26.4,4.6,8.7,2.5,7.5,3.2,N,N,10.4,3.7,15.1,2.8,11.6,3.6,N,N,18.1,4.1,12.3,2.6,9.7,3.3,N,N,14.2,3.9,13.3,3.1,12.7,4.5,N,N,13.8,3.8,12.5,2.1,17.9,3.9,N,N,7.8,2.8,8.4,1.8,12.7,3.2,N,N,4.7,2.4,6.7,1.8,10.5,2.9,N,N,3.2,2.1,2.8,0.9,5.1,1.9,N,N,0.8,0.8,2.0,0.9,3.6,1.8,N,N,0.7,0.8,31551,2671,49764,4285,62490,8954,22026,3377,47417,3351,64929,4332,N,N,31886,4989,23.0,(X),(X),(X),(X),(X),(X),(X),(X),(X),25.5,(X),(X),(X),(X),(X),(X),(X),(X),(X),(X),(X),20.6,(X)
0500000US13063,13063,"Clayton County, Georgia",89106,2118,58758,2385,32187,2600,30348,2502,10.0,1.6,8.8,2.2,1.6,1.2,15.3,3.5,7.0,1.5,5.2,1.7,2.0,1.7,10.6,2.9,13.4,2.2,12.4,2.7,9.4,2.8,16.6,4.0,12.5,1.9,11.0,2.6,9.2,2.9,15.6,3.6,17.4,2.4,18.3,3.0,18.6,3.8,16.8,3.6,20.3,2.5,21.4,3.2,24.2,4.0,15.8,3.5,10.1,1.9,10.5,2.4,16.8,3.9,6.5,2.4,7.7,1.6,10.0,2.5,14.7,4.1,2.3,1.3,1.3,0.5,1.6,0.7,2.2,1.1,0.5,0.4,0.5,0.3,0.8,0.5,1.3,0.8,0.0,0.6,40754,2159,44275,3541,59697,4435,29890,3639,49118,2013,54092,2724,N,N,35246,2733,33.5,(X),(X),(X),(X),(X),(X),(X),(X),(X),37.4,(X),(X),(X),(X),(X),(X),(X),(X),(X),(X),(X),24.8,(X)
0500000US13067,13067,"Cobb County, Georgia",266851,3104,177388,3704,130107,3967,89463,4013,5.5,0.9,3.7,0.8,1.6,0.5,10.8,2.1,4.1,0.8,2.7,0.8,1.7,0.6,6.6,1.7,7.2,0.9,6.2,1.0,3.3,0.9,11.2,2.1,9.9,1.3,8.7,1.2,6.1,1.4,13.0,2.3,12.9,1.2,10.5,1.5,8.0,1.3,17.9,2.1,18.5,1.3,18.1,1.6,17.3,1.7,17.6,2.6,12.7,1.1,13.6,1.3,15.2,1.5,9.8,1.9,15.7,1.1,18.7,1.4,23.9,1.8,8.8,1.9,6.7,0.8,8.6,1.1,11.1,1.4,2.3,0.9,6.8,0.7,9.1,1.0,11.7,1.3,2.2,0.8,63086,2094,75099,3501,93959,4299,40715,1805,85789,2277,99599,3223,117077,4023,54647,3266,31.4,(X),(X),(X),(X),(X),(X),(X),(X),(X),33.2,(X),(X),(X),(X),(X),(X),(X),(X),(X),(X),(X),26.1,(X)
0500000US13073,13073,"Columbia County, Georgia",42147,1945,34736,1730,N,N,7411,1188,3.9,1.3,2.1,1.2,N,N,12.3,5.1,2.1,1.0,1.1,0.9,N,N,6.8,4.2,9.3,2.7,7.9,2.8,N,N,16.2,7.5,4.2,1.5,4.0,1.6,N,N,7.9,3.9,10.6,2.5,10.5,3.0,N,N,9.6,5.0,21.5,3.2,21.1,3.6,N,N,24.3,6.5,17.7,2.8,18.7,3.3,N,N,11.5,4.9,17.3,2.9,19.6,3.4,N,N,6.3,4.6,7.0,2.3,7.4,2.7,N,N,3.5,2.5,6.5,2.2,7.5,2.7,N,N,1.5,1.9,72167,5368,79963,6770,87665,10825,41894,14858,91369,7445,97623,8376,N,N,58456,14559,34.0,(X),(X),(X),(X),(X),(X),(X),(X),(X),35.0,(X),(X),(X),(X),(X),(X),(X),(X),(X),(X),(X),29.3,(X)
0500000US13077,13077,"Coweta County, Georgia",47841,1252,37436,1679,N,N,10405,1356,5.5,1.8,6.5,2.5,N,N,8.8,4.3,6.5,2.3,3.8,2.1,N,N,11.7,6.3,7.6,2.4,6.5,2.8,N,N,11.9,5.0,9.1,2.2,7.8,2.5,N,N,14.8,5.2,11.5,2.3,9.6,2.6,N,N,19.7,6.0,17.8,2.7,17.4,3.4,N,N,15.7,4.9,15.3,2.6,16.8,2.9,N,N,10.2,4.4,18.4,3.1,22.1,3.9,N,N,4.2,2.8,5.6,1.4,6.5,1.7,N,N,2.2,1.8,2.6,1.0,3.0,1.3,N,N,0.7,1.2,61351,6140,71464,10395,81759,5649,39165,7910,76782,5827,84331,7164,N,N,45990,6004,40.4,(X),(X),(X),(X),(X),(X),(X),(X),(X),41.5,(X),(X),(X),(X),(X),(X),(X),(X),(X),(X),(X),34.6,(X)
0500000US13089,13089,"DeKalb County, Georgia",268239,4034,154969,4297,97754,3956,113270,4424,8.2,0.9,5.5,1.0,2.9,0.9,12.2,1.6,5.0,0.9,3.8,0.9,1.7,0.7,7.1,1.4,10.6,0.9,10.4,1.3,5.8,1.3,12.5,1.6,11.7,1.1,11.0,1.3,7.8,1.2,12.6,1.6,14.6,1.1,13.9,1.6,12.0,1.6,15.8,2.0,17.4,1.3,16.2,1.6,16.5,1.9,18.1,2.1,11.1,0.9,12.4,1.4,15.5,1.7,8.8,1.3,10.6,0.9,12.3,1.4,16.7,1.8,7.6,1.3,4.9,0.7,6.5,0.9,9.5,1.5,2.6,0.7,5.9,0.6,8.0,0.9,11.8,1.5,2.8,1.2,49796,2166,57273,2655,79100,3151,39490,2624,72797,2210,84995,3235,107373,4962,53940,3072,32.6,(X),(X),(X),(X),(X),(X),(X),(X),(X),34.7,(X),(X),(X),(X),(X),(X),(X),(X),(X),(X),(X),29.0,(X)
0500000US13095,13095,"Dougherty County, Georgia",34219,1632,21235,1456,11212,1179,12984,1432,17.9,3.3,17.8,3.9,4.5,2.8,20.7,5.6,8.4,2.5,4.6,2.3,1.8,1.4,13.8,5.2,13.7,2.8,12.3,3.6,6.9,2.5,17.9,5.1,16.4,3.0,17.4,4.3,16.5,5.0,13.3,4.6,11.9,2.2,12.2,3.5,14.8,4.7,14.4,5.5,15.4,2.8,15.5,3.4,22.5,6.2,10.9,4.3,7.3,2.2,8.3,2.3,10.9,3.8,5.3,3.4,5.5,1.6,7.2,2.4,13.4,4.6,2.7,2.3,1.2,0.6,1.3,0.7,2.4,1.3,0.9,0.9,2.2,1.2,3.5,1.9,6.3,3.5,0.2,0.2,30504,2668,33237,3511,54835,6082,22196,6332,45778,4290,52956,6622,N,N,31800,4190,45.4,(X),(X),(X),(X),(X),(X),(X),(X),(X),41.7,(X),(X),(X),(X),(X),(X),(X),(X),(X),(X),(X),47.2,(X)
0500000US13097,13097,"Douglas County, Georgia",46770,1768,33108,2171,N,N,13662,1990,5.6,2.3,5.2,2.3,N,N,7.7,5.4,4.2,1.7,2.8,1.7,N,N,9.0,5.1,12.3,3.3,10.3,3.9,N,N,17.5,7.5,14.8,3.1,12.4,3.4,N,N,23.3,8.1,12.9,3.0,11.6,3.0,N,N,15.3,6.6,16.8,3.4,17.1,3.8,N,N,12.7,5.3,16.0,3.6,19.9,4.6,N,N,7.3,3.8,10.8,2.3,12.8,3.1,N,N,5.6,3.6,5.2,2.0,5.7,2.2,N,N,1.7,2.4,1.5,0.9,2.1,1.2,N,N,0.0,1.4,50281,5225,60798,7493,78740,8869,31723,3020,63041,4223,70145,5070,N,N,41547,5861,34.5,(X),(X),(X),(X),(X),(X),(X),(X),(X),36.8,(X),(X),(X),(X),(X),(X),(X),(X),(X),(X),(X),28.8,(X)
0500000US13113,13113,"Fayette County, Georgia",37885,1172,30346,1560,N,N,7539,1247,2.9,1.6,2.0,1.4,N,N,6.8,4.6,2.9,1.4,1.5,1.3,N,N,9.6,4.6,6.9,2.0,4.1,2.2,N,N,18.3,7.2,6.4,2.0,5.4,2.2,N,N,12.1,5.7,9.1,2.3,7.1,2.3,N,N,15.7,6.3,18.1,3.2,18.8,4.1,N,N,15.7,4.5,14.4,3.1,16.1,3.5,N,N,7.0,3.6,20.1,3.4,22.6,4.1,N,N,10.5,5.5,12.0,3.4,13.5,4.3,N,N,3.8,3.0,7.2,2.1,8.9,2.5,N,N,0.6,1.1,81394,6588,92248,6520,100866,7954,39624,7514,95483,4952,105796,6240,N,N,50831,5982,34.7,(X),(X),(X),(X),(X),(X),(X),(X),(X),34.5,(X),(X),(X),(X),(X),(X),(X),(X),(X),(X),(X),32.7,(X)
0500000US13115,13115,"Floyd County, Georgia",33099,1495,21711,1464,N,N,11388,1504,10.1,2.2,5.2,2.3,N,N,20.3,5.3,10.5,2.7,8.2,2.8,N,N,14.3,5.1,13.7,3.4,10.0,3.8,N,N,21.9,5.5,12.8,3.2,14.3,4.7,N,N,10.7,4.0,14.2,2.6,14.6,3.4,N,N,12.8,5.2,16.8,3.5,20.6,4.9,N,N,9.4,4.6,9.7,3.0,10.8,3.8,N,N,6.8,4.9,9.4,2.6,12.2,3.6,N,N,3.4,3.2,1.9,1.0,2.6,1.5,N,N,0.5,0.9,0.9,0.6,1.3,0.9,N,N,0.0,1.7,37296,4441,47355,5065,54814,11582,21323,2479,49345,3377,58142,4152,N,N,31460,4902,35.3,(X),(X),(X),(X),(X),(X),(X),(X),(X),35.0,(X),(X),(X),(X),(X),(X),(X),(X),(X),(X),(X),34.8,(X)
0500000US13117,13117,"Forsyth County, Georgia",64465,1030,51911,1533,43295,1539,12554,1478,5.2,1.4,3.2,1.3,1.6,1.0,15.1,4.6,2.6,0.9,1.4,0.6,0.8,0.5,7.5,3.7,4.9,1.5,3.0,1.2,2.9,1.3,12.6,5.0,5.1,1.1,4.2,1.4,3.0,1.3,10.6,2.9,10.1,1.8,9.4,1.9,8.0,1.9,13.1,4.4,16.0,1.8,15.2,2.2,13.5,2.5,18.3,4.8,13.7,1.5,15.2,1.9,14.3,2.1,7.0,2.6,20.8,2.1,22.8,2.5,25.8,3.0,11.5,3.1,10.2,1.6,11.9,2.0,13.7,2.3,2.7,1.8,11.4,1.4,13.7,1.7,16.3,2.2,1.6,1.5,86052,4032,96766,5948,108807,4501,39484,7026,108283,5043,120224,5697,N,N,55612,9260,25.9,(X),(X),(X),(X),(X),(X),(X),(X),(X),27.0,(X),(X),(X),(X),(X),(X),(X),(X),(X),(X),(X),20.8,(X)
0500000US13121,13121,"Fulton County, Georgia",379281,4751,208849,5023,140264,5306,170432,5728,9.5,0.8,6.4,0.9,1.5,0.7,13.7,1.3,5.4,0.6,2.9,0.6,1.2,0.5,8.7,1.2,9.5,0.8,7.1,0.9,3.0,0.8,12.8,1.4,8.6,1.0,8.1,1.2,5.3,1.0,9.7,1.5,12.0,1.0,10.2,1.1,8.2,1.3,14.8,1.5,16.5,1.2,15.5,1.7,14.8,2.0,17.1,1.6,10.6,0.9,10.9,1.3,12.3,1.6,9.2,1.2,12.2,1.0,15.0,1.5,19.8,2.0,8.6,1.1,5.7,0.6,8.0,0.9,11.4,1.4,2.7,0.6,9.9,0.6,15.8,1.1,22.4,1.7,2.6,0.6,55914,1843,74273,3446,105514,5114,39561,2622,91369,2751,119411,4378,155221,6506,55102,3342,32.4,(X),(X),(X),(X),(X),(X),(X),(X),(X),35.3,(X),(X),(X),(X),(X),(X),(X),(X),(X),(X),(X),27.7,(X)
0500000US13127,13127,"Glynn County, Georgia",31502,1702,20298,1616,N,N,11204,1610,10.5,2.6,7.4,3.2,N,N,17.7,5.4,7.1,2.7,5.8,3.5,N,N,9.6,4.3,13.0,3.2,6.8,3.2,N,N,23.1,6.6,11.4,3.3,10.9,4.3,N,N,14.2,5.5,17.0,3.9,20.2,6.3,N,N,12.9,5.5,13.7,3.2,16.5,4.0,N,N,7.8,3.7,10.6,2.9,11.3,3.6,N,N,6.6,3.7,7.9,2.7,8.9,3.2,N,N,5.5,3.6,4.6,2.2,6.3,3.3,N,N,1.5,1.7,4.2,2.0,5.9,2.8,N,N,1.2,1.3,41502,6023,49305,5339,65000,13865,24498,4863,60189,6342,71044,8427,N,N,38101,5353,37.8,(X),(X),(X),(X),(X),(X),(X),(X),(X),39.3,(X),(X),(X),(X),(X),(X),(X),(X),(X),(X),(X),34.7,(X)
0500000US13135,13135,"Gwinnett County, Georgia",269361,3943,204736,6270,151931,6158,64625,4450,4.1,0.7,3.5,0.7,1.6,0.6,7.5,1.8,2.7,0.5,2.5,0.6,0.8,0.3,4.8,1.5,9.1,1.1,8.7,1.3,6.0,1.4,13.6,2.2,11.6,1.2,11.1,1.3,9.7,1.5,13.5,2.6,14.7,1.3,13.1,1.6,12.2,1.8,19.3,2.9,19.6,1.6,18.6,1.7,18.9,2.0,21.8,3.0,13.8,1.1,13.8,1.4,15.3,1.7,10.6,2.1,15.2,1.1,17.5,1.5,21.3,1.9,6.7,1.8,5.5,0.8,6.8,1.1,8.3,1.3,1.4,0.8,3.7,0.6,4.5,0.7,5.8,1.0,0.9,0.6,58917,1850,62862,3236,76181,3865,41444,1446,74514,1975,80661,2646,91449,3437,50107,2545,34.3,(X),(X),(X),(X),(X),(X),(X),(X),(X),34.4,(X),(X),(X),(X),(X),(X),(X),(X),(X),(X),(X),30.0,(X)
0500000US13139,13139,"Hall County, Georgia",60937,1691,43344,2233,30826,2157,17593,1972,7.3,1.6,5.5,1.9,1.9,1.0,16.7,4.5,5.1,1.6,3.9,1.7,1.4,0.9,9.6,3.3,12.4,2.1,11.2,2.9,6.8,2.6,18.0,4.5,13.3,2.1,13.2,2.7,12.6,3.3,11.0,3.2,16.3,2.5,14.1,3.0,13.5,3.5,17.7,4.9,16.9,2.5,18.9,3.1,19.7,3.4,10.2,2.9,10.7,1.9,12.6,2.4,16.1,3.2,7.1,2.5,10.1,2.0,11.0,2.2,14.5,2.9,5.9,3.1,4.3,1.2,4.8,1.3,6.7,2.0,3.1,2.6,3.7,1.3,4.8,1.8,6.7,2.6,0.6,0.7,44998,3722,51687,3408,66049,4826,30493,5728,63948,3990,71158,5233,N,N,41539,5692,30.8,(X),(X),(X),(X),(X),(X),(X),(X),(X),33.0,(X),(X),(X),(X),(X),(X),(X),(X),(X),(X),(X),22.9,(X)
0500000US13151,13151,"Henry County, Georgia",70852,1899,54326,2691,38984,2633,16526,2107,3.8,1.3,2.5,1.5,2.0,1.5,8.4,3.7,3.8,1.2,1.9,0.9,1.5,0.9,10.4,4.7,8.1,2.2,6.4,2.1,4.1,1.6,15.1,5.6,10.0,2.4,9.4,2.6,7.0,2.5,16.0,5.1,16.5,3.0,14.3,2.8,10.0,2.7,23.8,7.0,22.1,3.1,23.6,3.7,24.1,4.2,18.2,6.4,12.8,2.2,14.0,2.9,16.0,3.1,5.5,2.9,16.6,2.7,20.0,3.1,25.1,4.0,1.5,1.4,4.6,1.4,5.7,1.8,7.3,2.3,0.6,1.0,1.7,0.9,2.1,1.1,3.0,1.5,0.4,0.8,59097,3426,65806,3424,76936,7045,34967,5079,72369,5033,79846,5848,N,N,42424,8179,28.8,(X),(X),(X),(X),(X),(X),(X),(X),(X),30.5,(X),(X),(X),(X),(X),(X),(X),(X),(X),(X),(X),18.3,(X)
0500000US13153,13153,"Houston County, Georgia",53186,1696,35766,2957,N,N,17420,2601,10.1,2.5,8.1,2.7,N,N,16.8,5.4,4.4,1.5,3.3,1.5,N,N,6.5,3.6,6.6,1.7,4.9,2.2,N,N,10.2,4.6,14.8,3.7,11.3,3.5,N,N,20.3,7.7,14.2,3.2,14.4,3.8,N,N,13.4,5.5,19.1,3.1,21.6,4.4,N,N,14.0,5.5,14.2,3.9,15.1,4.1,N,N,12.7,7.4,9.6,2.3,13.3,3.2,N,N,3.2,1.9,4.5,2.0,4.6,2.3,N,N,2.9,3.2,2.3,1.1,3.4,1.7,N,N,0.0,1.1,49660,4978,57822,5342,67000,6973,31801,6695,62452,4367,71567,6152,N,N,41837,5860,38.9,(X),(X),(X),(X),(X),(X),(X),(X),(X),33.8,(X),(X),(X),(X),(X),(X),(X),(X),(X),(X),(X),47.2,(X)
0500000US13179,13179,"Liberty County, Georgia",22980,1050,16723,1215,N,N,6257,1110,8.0,2.7,5.8,2.2,N,N,13.9,7.2,7.2,2.7,5.3,2.4,N,N,12.4,6.9,13.2,3.6,10.6,4.1,N,N,20.8,8.2,15.3,3.2,16.9,4.2,N,N,12.0,4.9,18.3,4.2,16.2,4.7,N,N,22.5,9.6,17.5,3.7,20.8,4.8,N,N,10.6,4.9,11.5,2.8,13.6,3.4,N,N,5.8,4.6,6.3,2.1,7.3,2.8,N,N,2.1,2.6,0.6,0.8,0.8,1.1,N,N,0.0,3.0,1.9,1.7,2.6,2.3,N,N,0.0,3.0,39140,3247,45536,4418,53109,2361,29880,8760,52922,7741,60004,9845,N,N,32748,4980,26.8,(X),(X),(X),(X),(X),(X),(X),(X),(X),26.4,(X),(X),(X),(X),(X),(X),(X),(X),(X),(X),(X),27.3,(X)
0500000US13185,13185,"Lowndes County, Georgia",40848,1006,24741,1799,N,N,16107,1725,13.7,2.5,8.9,2.9,N,N,22.2,5.4,7.4,2.4,5.2,2.4,N,N,11.5,5.2,15.2,2.9,12.9,3.5,N,N,19.9,4.9,13.3,2.9,10.6,2.8,N,N,17.0,6.1,12.9,2.8,12.8,3.5,N,N,12.2,5.4,17.0,2.4,20.5,3.7,N,N,10.6,3.4,11.2,2.3,14.8,3.4,N,N,5.4,3.1,7.5,2.3,12.0,3.5,N,N,0.5,0.9,0.9,0.5,1.1,0.7,N,N,0.2,0.3,0.9,0.6,1.1,0.8,N,N,0.5,0.6,35317,3864,49218,5536,63129,5481,21871,4313,47054,3122,57352,4505,N,N,29760,3591,36.1,(X),(X),(X),(X),(X),(X),(X),(X),(X),32.7,(X),(X),(X),(X),(X),(X),(X),(X),(X),(X),(X),41.2,(X)
0500000US13215,13215,"Muscogee County, Georgia",71861,1863,45830,2321,26850,1954,26031,1974,12.3,1.7,8.6,2.1,3.0,1.6,19.8,3.3,7.1,1.3,3.9,1.3,0.9,0.7,13.4,3.1,13.4,1.7,11.3,2.4,5.3,1.7,18.7,3.4,11.1,2.0,10.5,2.6,7.0,2.9,12.3,3.1,15.1,2.4,16.1,3.1,16.0,3.6,11.4,3.4,18.5,2.2,20.2,2.7,24.6,3.8,14.9,3.2,9.1,1.7,11.6,2.6,15.1,3.6,4.5,1.8,7.8,1.4,10.0,1.9,15.1,2.9,3.2,2.0,3.1,1.2,4.6,1.8,7.9,3.0,0.6,0.6,2.4,0.8,3.1,1.1,5.3,1.9,1.1,0.8,40499,1870,49196,4930,67354,3662,23540,3393,57273,4016,64288,4166,N,N,43246,8643,30.4,(X),(X),(X),(X),(X),(X),(X),(X),(X),31.0,(X),(X),(X),(X),(X),(X),(X),(X),(X),(X),(X),28.3,(X)
0500000US13217,13217,"Newton County, Georgia",33490,1362,24960,1636,N,N,8530,1539,3.8,1.6,3.0,1.7,N,N,6.3,4.0,5.1,2.1,3.9,2.0,N,N,9.7,5.0,11.3,2.9,8.3,3.4,N,N,18.8,5.8,8.9,2.8,9.1,3.4,N,N,10.7,5.7,16.3,4.2,16.7,4.9,N,N,19.8,8.1,22.4,4.5,21.3,4.9,N,N,20.9,10.5,12.4,3.2,13.8,4.1,N,N,8.2,5.0,13.7,4.4,16.1,5.5,N,N,4.3,3.8,5.3,3.0,6.9,4.0,N,N,0.8,1.3,0.7,0.5,0.7,0.6,N,N,0.6,1.0,54107,7021,59244,9433,72626,9723,39159,8004,66440,5477,72558,6840,N,N,45577,6074,30.2,(X),(X),(X),(X),(X),(X),(X),(X),(X),30.4,(X),(X),(X),(X),(X),(X),(X),(X),(X),(X),(X),28.8,(X)
0500000US13223,13223,"Paulding County, Georgia",48447,1642,39174,2091,N,N,9273,1626,6.5,2.7,5.5,2.8,N,N,14.4,7.8,2.6,1.1,2.0,1.2,N,N,5.8,3.2,8.4,2.4,8.0,2.5,N,N,11.6,5.1,12.2,3.4,10.4,3.3,N,N,17.1,8.3,12.8,2.6,11.5,2.9,N,N,19.2,7.6,21.9,4.2,22.5,4.9,N,N,20.6,6.9,15.8,3.4,17.4,3.9,N,N,7.5,4.4,14.1,2.9,16.1,3.4,N,N,2.1,2.1,3.7,1.5,5.0,2.1,N,N,0.9,1.2,2.0,1.2,1.7,1.0,N,N,0.8,1.3,56307,3918,61776,6273,75199,6384,35767,8690,68760,5544,73636,6428,N,N,42806,7403,34.7,(X),(X),(X),(X),(X),(X),(X),(X),(X),36.3,(X),(X),(X),(X),(X),(X),(X),(X),(X),(X),(X),19.6,(X)
0500000US13245,13245,"Richmond County, Georgia",70968,2388,40334,2473,22293,2117,30634,2381,13.0,1.7,9.9,2.3,1.7,1.0,18.2,3.7,7.2,1.6,7.3,2.1,3.1,1.5,8.2,2.6,15.9,2.4,11.5,2.7,5.3,2.5,22.4,4.5,13.2,2.2,11.5,2.8,11.3,3.4,14.9,3.5,14.4,2.3,15.1,3.2,14.7,3.8,12.7,3.2,15.8,2.6,17.3,3.2,20.2,4.1,13.7,3.6,8.2,1.9,9.2,2.2,15.0,3.8,6.0,2.9,8.5,1.8,12.4,2.6,19.1,4.0,2.4,1.6,1.8,0.7,2.7,1.2,4.6,2.1,0.7,0.7,2.0,0.7,3.0,1.2,4.9,2.1,0.8,0.7,35649,3524,43609,4502,65888,5493,25716,2992,53910,5005,65324,7492,N,N,36981,5535,48.0,(X),(X),(X),(X),(X),(X),(X),(X),(X),47.8,(X),(X),(X),(X),(X),(X),(X),(X),(X),(X),(X),46.7,(X)
0500000US13247,13247,"Rockdale County, Georgia",29150,1147,21193,1265,N,N,7957,1263,6.9,2.6,5.7,2.9,N,N,11.4,5.7,3.0,1.4,3.2,1.8,N,N,3.1,2.4,11.0,3.2,7.2,3.0,N,N,21.8,7.5,10.6,3.3,11.2,4.3,N,N,8.7,4.2,18.7,4.0,16.6,4.0,N,N,23.6,8.7,19.6,3.5,17.3,3.9,N,N,24.3,9.3,15.9,3.9,20.5,4.8,N,N,5.2,3.3,8.4,2.7,10.3,3.3,N,N,1.9,2.5,3.9,2.0,5.4,2.8,N,N,0.0,2.4,1.9,1.2,2.7,1.7,N,N,0.0,2.4,49767,3871,56685,6686,75219,11983,40401,8453,61054,4518,69213,6084,N,N,38185,4255,26.0,(X),(X),(X),(X),(X),(X),(X),(X),(X),26.1,(X),(X),(X),(X),(X),(X),(X),(X),(X),(X),(X),25.9,(X)
0500000US13285,13285,"Troup County, Georgia",24412,1162,16610,1454,N,N,7802,1194,12.4,3.9,10.1,4.2,N,N,19.6,7.9,3.2,1.9,2.9,2.2,N,N,3.7,2.9,16.2,3.1,14.4,4.0,N,N,20.4,6.9,10.3,3.7,9.5,3.5,N,N,16.8,8.2,13.5,3.0,12.3,3.9,N,N,11.2,5.7,19.9,4.7,20.7,5.1,N,N,16.5,7.9,9.9,2.7,11.5,3.5,N,N,5.8,4.7,6.1,2.2,8.3,3.0,N,N,1.9,1.9,3.2,1.9,2.9,1.9,N,N,3.5,3.8,5.2,2.4,7.4,3.5,N,N,0.6,1.0,43642,4759,50674,5969,71434,7953,30069,3733,67486,10788,78881,15463,N,N,40692,7054,39.2,(X),(X),(X),(X),(X),(X),(X),(X),(X),39.4,(X),(X),(X),(X),(X),(X),(X),(X),(X),(X),(X),34.3,(X)
0500000US13295,13295,"Walker County, Georgia",25077,1403,17100,1538,N,N,7977,1368,9.4,3.3,4.7,3.0,N,N,20.3,7.7,8.0,2.5,3.1,1.7,N,N,17.5,7.2,12.6,3.7,8.0,3.7,N,N,22.6,8.0,11.7,3.5,9.9,3.7,N,N,15.5,6.6,15.8,4.2,14.7,4.6,N,N,18.9,9.3,21.0,4.0,30.3,5.6,N,N,2.5,2.7,9.4,2.9,12.3,4.2,N,N,2.1,2.2,9.4,3.3,13.3,4.5,N,N,0.2,0.3,1.4,1.0,1.8,1.4,N,N,0.4,0.7,1.4,1.5,2.0,2.2,N,N,0.0,2.4,42018,3830,54645,4166,63779,7861,20565,3925,50654,3600,62612,4976,N,N,24262,3537,27.3,(X),(X),(X),(X),(X),(X),(X),(X),(X),28.8,(X),(X),(X),(X),(X),(X),(X),(X),(X),(X),(X),24.0,(X)
0500000US13297,13297,"Walton County, Georgia",28817,1160,22158,1417,N,N,6659,1335,8.8,2.6,4.4,2.1,N,N,23.7,8.6,5.8,3.1,2.3,1.6,N,N,17.6,11.8,8.7,2.6,7.1,3.2,N,N,15.3,5.6,12.0,3.8,12.8,4.6,N,N,13.1,5.6,11.7,3.3,12.9,4.0,N,N,6.1,3.8,21.7,4.8,23.2,5.7,N,N,12.5,5.8,14.0,4.1,15.7,5.3,N,N,8.9,5.8,12.1,2.5,15.1,3.3,N,N,2.3,2.0,2.6,1.3,3.2,1.8,N,N,0.0,2.8,2.7,1.2,3.3,1.5,N,N,0.5,0.8,53233,4132,59910,8086,71243,5795,18667,7191,62524,4086,70718,5079,N,N,32863,6805,25.5,(X),(X),(X),(X),(X),(X),(X),(X),(X),26.0,(X),(X),(X),(X),(X),(X),(X),(X),(X),(X),(X),22.8,(X)
0500000US13313,13313,"Whitfield County, Georgia",33892,1306,24605,1423,N,N,9287,1393,7.7,2.5,4.9,2.7,N,N,16.0,6.2,6.7,1.7,4.4,1.8,N,N,12.9,5.9,15.5,3.3,12.3,3.5,N,N,27.4,8.3,15.4,3.5,14.6,3.9,N,N,15.9,6.0,19.1,3.0,21.3,3.8,N,N,14.2,5.9,14.0,2.9,16.0,3.5,N,N,6.7,4.5,11.3,2.7,13.2,3.5,N,N,5.9,3.9,5.9,2.3,7.8,3.0,N,N,0.0,2.0,2.3,1.5,2.9,2.1,N,N,0.0,2.0,2.1,1.1,2.6,1.4,N,N,1.0,1.2,38126,3182,44099,4241,50524,5336,22122,2518,51889,4535,58596,5653,N,N,31001,6055,29.3,(X),(X),(X),(X),(X),(X),(X),(X),(X),31.5,(X),(X),(X),(X),(X),(X),(X),(X),(X),(X),(X),23.6,(X)
0500000US15001,15001,"Hawaii County, Hawaii",64929,2453,42966,2935,30046,2756,21963,2254,11.8,2.7,6.8,2.7,2.7,1.7,22.3,4.5,4.9,1.6,3.3,1.3,2.0,1.3,8.7,3.2,13.7,2.5,11.4,2.6,8.5,2.8,18.5,4.5,9.2,1.9,9.7,2.8,7.0,2.1,10.5,3.0,10.9,2.3,11.4,2.9,11.8,3.0,9.2,3.0,19.5,2.7,22.0,2.8,22.2,4.0,15.5,4.5,11.7,2.0,12.6,2.6,15.7,3.5,6.8,2.7,12.2,2.3,15.1,2.8,19.9,3.8,6.5,3.7,3.7,1.0,4.8,1.3,6.3,1.9,0.6,0.6,2.5,0.8,2.9,1.0,3.8,1.3,1.4,1.1,48399,5565,56131,2467,67464,6546,25415,5074,62583,3866,69895,4266,N,N,44687,7452,33.7,(X),(X),(X),(X),(X),(X),(X),(X),(X),35.3,(X),(X),(X),(X),(X),(X),(X),(X),(X),(X),(X),29.4,(X)
0500000US15003,15003,"Honolulu County, Hawaii",308800,2879,217187,3519,166389,3751,91613,3507,4.6,0.6,2.7,0.5,1.0,0.3,10.3,1.5,3.0,0.4,1.7,0.4,1.0,0.4,6.4,1.1,6.8,0.7,4.4,0.7,3.5,0.7,12.4,1.6,6.5,0.6,5.5,0.7,4.5,0.8,9.4,1.3,11.0,0.7,10.0,0.8,9.3,0.9,14.2,1.9,19.3,1.1,18.8,1.3,18.0,1.5,21.1,2.5,13.7,0.9,15.2,1.1,15.4,1.2,10.8,1.6,19.5,1.1,23.3,1.4,25.8,1.7,9.8,1.3,8.0,0.7,9.4,0.9,10.9,1.1,3.5,1.0,7.6,0.7,9.1,0.9,10.6,1.1,2.1,0.7,73388,1774,85608,2729,94743,3265,46321,3802,92931,2279,103742,2747,112774,2966,59835,3193,33.8,(X),(X),(X),(X),(X),(X),(X),(X),(X),35.1,(X),(X),(X),(X),(X),(X),(X),(X),(X),(X),(X),27.5,(X)
0500000US15007,15007,"Kauai County, Hawaii",22386,966,15886,1171,N,N,6500,1056,5.3,2.1,3.4,2.2,N,N,12.1,5.0,4.8,2.3,1.9,1.5,N,N,11.8,6.5,8.6,3.0,3.5,1.9,N,N,22.7,8.3,9.5,2.7,6.4,2.9,N,N,14.6,6.0,14.5,3.7,15.8,4.9,N,N,10.4,3.9,18.8,3.8,21.2,4.7,N,N,15.4,5.7,11.0,3.2,13.9,3.9,N,N,6.4,4.4,17.8,3.8,21.3,4.8,N,N,5.2,3.6,5.0,2.1,6.3,3.0,N,N,1.4,2.3,4.7,2.0,6.3,2.8,N,N,0.1,0.2,60155,7082,72430,7609,78932,11046,27807,6038,79118,8237,93802,10148,N,N,38640,6705,50.7,(X),(X),(X),(X),(X),(X),(X),(X),(X),48.1,(X),(X),(X),(X),(X),(X),(X),(X),(X),(X),(X),53.5,(X)
0500000US15009,15009,"Maui County, Hawaii",53946,1937,35146,2122,26296,1860,18800,2073,5.0,1.5,2.3,1.0,0.5,0.5,11.3,4.2,3.6,1.2,2.0,1.1,1.7,1.2,7.2,2.9,8.5,2.3,4.4,1.7,3.3,1.9,16.0,5.5,12.1,2.3,8.1,2.4,6.0,2.4,19.2,4.6,10.9,2.1,11.7,2.7,10.9,3.1,12.3,4.3,15.9,3.0,17.8,3.9,17.0,4.0,13.4,4.2,14.4,2.1,17.2,2.9,16.6,3.6,7.1,2.7,16.6,2.5,21.8,3.6,26.1,4.1,7.0,3.0,6.8,1.6,7.3,2.0,8.8,2.6,3.1,1.8,6.3,1.8,7.5,2.6,9.2,3.3,3.4,1.7,65558,4563,79411,5874,90096,13260,31936,2854,83921,5816,97924,8074,109389,10470,51585,5606,28.4,(X),(X),(X),(X),(X),(X),(X),(X),(X),28.7,(X),(X),(X),(X),(X),(X),(X),(X),(X),(X),(X),25.7,(X)
0500000US16001,16001,"Ada County, Idaho",155434,2338,105064,3277,82548,3840,50370,3524,6.2,1.3,4.6,1.4,2.0,1.2,12.2,3.0,4.9,1.0,1.5,0.7,0.6,0.5,12.4,2.8,9.7,1.4,5.9,1.4,4.0,1.5,16.6,3.0,10.4,1.4,7.4,1.4,6.2,1.5,16.5,3.1,14.4,1.6,15.1,2.3,13.0,2.4,16.6,2.9,19.7,2.2,20.9,2.9,22.4,3.0,15.2,3.5,14.2,1.9,17.8,2.5,19.9,3.0,6.0,1.9,10.4,1.3,12.8,1.8,14.9,2.1,3.7,1.5,5.4,1.1,7.5,1.6,9.2,1.9,0.5,0.3,4.6,0.9,6.5,1.2,7.8,1.6,0.4,0.4,52542,2576,66760,4232,77267,4501,29268,3064,72547,3309,87131,4149,N,N,38313,2910,29.0,(X),(X),(X),(X),(X),(X),(X),(X),(X),29.5,(X),(X),(X),(X),(X),(X),(X),(X),(X),(X),(X),25.8,(X)
0500000US16005,16005,"Bannock County, Idaho",30265,1052,19963,1383,N,N,10302,1350,9.4,2.6,5.1,2.2,N,N,17.9,5.8,4.5,1.7,1.9,1.5,N,N,10.3,4.1,14.4,3.2,12.6,3.8,N,N,19.6,5.2,13.7,3.0,10.0,2.9,N,N,22.1,7.1,14.7,2.6,14.6,3.2,N,N,12.6,4.4,15.4,3.1,19.4,4.0,N,N,8.2,3.8,11.7,2.6,15.5,3.7,N,N,4.6,3.3,12.1,2.6,15.4,3.8,N,N,3.6,2.7,2.6,1.2,3.3,1.9,N,N,1.2,1.2,1.5,0.8,2.3,1.2,N,N,0.0,1.5,42174,2570,59641,5403,67323,5442,25689,2258,58017,3874,69662,5118,N,N,33311,4521,26.0,(X),(X),(X),(X),(X),(X),(X),(X),(X),25.1,(X),(X),(X),(X),(X),(X),(X),(X),(X),(X),(X),24.6,(X)
0500000US16019,16019,"Bonneville County, Idaho",36806,1008,26664,1625,N,N,10142,1268,5.9,2.1,3.4,1.9,N,N,12.7,5.9,5.0,1.8,2.0,1.7,N,N,12.8,5.1,9.2,2.2,8.1,2.8,N,N,14.2,5.4,13.6,3.1,12.2,3.4,N,N,17.9,6.7,16.5,2.7,17.5,3.5,N,N,14.5,5.5,22.8,3.6,25.3,4.2,N,N,17.2,7.5,12.2,2.7,14.4,3.2,N,N,3.4,4.1,11.1,2.2,12.1,2.6,N,N,6.9,4.4,2.5,1.0,3.3,1.4,N,N,0.5,0.8,1.2,0.7,1.7,1.0,N,N,0.0,1.5,49884,2598,54709,3571,62038,5146,31570,3472,61028,4273,68465,5852,N,N,38031,5827,30.3,(X),(X),(X),(X),(X),(X),(X),(X),(X),31.7,(X),(X),(X),(X),(X),(X),(X),(X),(X),(X),(X),25.8,(X)
0500000US16027,16027,"Canyon County, Idaho",65923,1603,46812,2222,36252,2210,19111,2039,8.9,1.8,3.8,1.2,1.8,1.2,23.4,5.2,4.8,1.5,3.2,1.2,1.3,0.9,10.1,4.3,13.4,2.7,10.7,2.9,8.4,2.5,21.8,5.6,14.5,2.7,14.1,3.1,13.7,3.4,16.2,3.9,18.1,2.7,19.4,3.0,19.9,3.5,13.9,4.0,20.2,2.6,25.6,3.3,27.0,3.9,7.6,2.7,11.1,1.9,11.9,2.3,13.7,2.9,5.2,2.9,6.7,1.6,8.6,2.1,10.8,2.8,0.9,0.8,1.5,0.7,1.6,0.8,2.1,1.1,0.9,1.4,0.7,0.5,1.0,0.8,1.2,1.0,0.0,0.8,41941,2314,48812,3153,53666,5113,22493,3155,50289,2452,57199,2930,N,N,29314,3323,29.6,(X),(X),(X),(X),(X),(X),(X),(X),(X),29.1,(X),(X),(X),(X),(X),(X),(X),(X),(X),(X),(X),27.1,(X)
0500000US16055,16055,"Kootenai County, Idaho",55836,1867,40424,2518,N,N,15412,2242,4.6,2.0,2.2,1.2,N,N,11.8,5.7,5.5,1.6,3.2,1.6,N,N,13.0,4.8,10.1,2.3,7.9,1.8,N,N,18.5,6.9,11.1,2.5,11.0,3.0,N,N,12.7,3.9,15.3,2.2,13.2,2.5,N,N,17.3,6.0,26.6,3.9,31.8,5.0,N,N,12.4,4.8,12.1,2.3,13.1,2.8,N,N,8.3,4.7,8.6,2.3,11.4,3.2,N,N,0.8,0.7,2.4,1.0,2.2,1.0,N,N,2.3,2.5,3.7,1.4,4.1,1.6,N,N,2.8,2.7,54919,4995,60858,3922,65942,3394,29624,6060,66107,4302,72260,5047,N,N,47230,9109,25.7,(X),(X),(X),(X),(X),(X),(X),(X),(X),26.1,(X),(X),(X),(X),(X),(X),(X),(X),(X),(X),(X),23.8,(X)
0500000US16083,16083,"Twin Falls County, Idaho",28811,1164,21135,1344,N,N,7676,1326,7.3,2.5,4.0,2.2,N,N,17.2,6.7,5.5,2.1,3.0,1.8,N,N,13.7,6.9,11.9,3.1,9.0,3.6,N,N,23.2,6.7,12.6,3.1,13.6,4.1,N,N,11.9,5.3,14.5,3.2,14.0,3.9,N,N,15.8,6.3,23.2,4.3,25.8,5.7,N,N,12.3,7.4,11.3,2.7,14.0,3.7,N,N,5.4,4.4,11.0,3.1,13.2,3.8,N,N,0.4,0.7,1.1,0.8,1.3,1.1,N,N,0.0,2.0,1.5,1.0,2.0,1.3,N,N,0.0,2.0,47403,7063,55154,4557,58762,4489,21870,4776,55375,3679,62383,4272,N,N,29696,4844,31.2,(X),(X),(X),(X),(X),(X),(X),(X),(X),29.0,(X),(X),(X),(X),(X),(X),(X),(X),(X),(X),(X),35.5,(X)
0500000US17001,17001,"Adams County, Illinois",27182,839,17551,1302,N,N,9631,1264,8.8,2.3,6.4,2.5,N,N,16.2,6.0,10.9,3.1,2.9,1.6,N,N,25.0,7.1,10.6,2.5,8.7,3.2,N,N,15.8,4.6,12.6,2.4,11.7,2.5,N,N,15.0,5.5,14.2,2.8,12.0,3.2,N,N,15.1,4.5,19.8,3.3,26.0,4.3,N,N,7.0,3.3,11.7,2.4,15.9,3.1,N,N,3.9,2.7,8.7,2.6,13.1,3.9,N,N,0.6,0.8,1.4,0.8,1.4,1.0,N,N,1.2,1.5,1.3,0.8,2.0,1.3,N,N,0.0,1.5,41327,3704,55713,5210,65960,3883,19493,4223,52049,3655,64125,4721,N,N,27635,3665,23.9,(X),(X),(X),(X),(X),(X),(X),(X),(X),24.9,(X),(X),(X),(X),(X),(X),(X),(X),(X),(X),(X),21.5,(X)
0500000US17019,17019,"Champaign County, Illinois",78521,1981,42150,2026,31438,1928,36371,2441,14.4,1.8,5.2,1.6,1.4,0.9,25.2,3.8,4.1,1.1,1.6,1.0,1.0,0.7,7.6,2.3,12.6,2.0,8.2,2.0,4.5,1.9,18.7,3.4,9.4,1.4,7.5,2.0,5.6,1.9,11.6,2.2,13.1,1.6,13.0,2.3,11.2,2.4,13.2,2.5,18.3,2.2,22.3,3.0,22.3,3.3,13.1,2.6,9.1,1.3,12.3,2.2,15.7,2.9,5.0,1.4,11.4,1.5,17.8,2.5,22.8,3.3,3.3,1.5,3.7,1.0,6.1,1.8,7.3,2.0,0.8,0.7,3.9,0.9,6.1,1.4,8.1,1.9,1.4,1.1,45682,2942,67312,4505,82073,7486,23993,2841,62997,2902,84602,4241,N,N,36450,3666,27.2,(X),(X),(X),(X),(X),(X),(X),(X),(X),25.5,(X),(X),(X),(X),(X),(X),(X),(X),(X),(X),(X),28.5,(X)
0500000US17031,17031,"Cook County, Illinois",1939894,9336,1179571,12206,797093,11693,760323,12506,9.2,0.3,5.7,0.4,1.9,0.2,15.5,0.6,5.1,0.3,3.5,0.3,1.7,0.2,8.2,0.5,10.3,0.3,8.3,0.4,5.3,0.4,13.9,0.6,9.5,0.3,9.0,0.4,7.1,0.4,10.5,0.6,12.6,0.4,12.2,0.5,10.6,0.6,13.2,0.7,17.2,0.5,17.5,0.6,17.5,0.6,16.1,0.6,11.5,0.3,12.8,0.4,14.4,0.6,9.2,0.5,12.9,0.4,15.7,0.4,20.0,0.6,8.0,0.6,5.4,0.3,7.1,0.3,9.7,0.5,2.4,0.4,6.3,0.2,8.2,0.3,11.6,0.5,3.0,0.3,53827,876,65555,1026,83887,1563,36715,727,78688,1078,93267,1597,114901,2344,53849,1059,34.8,(X),(X),(X),(X),(X),(X),(X),(X),(X),37.2,(X),(X),(X),(X),(X),(X),(X),(X),(X),(X),(X),30.0,(X)
0500000US17037,17037,"DeKalb County, Illinois",37526,1219,23006,1391,N,N,14520,1511,10.6,2.7,8.0,3.0,N,N,16.3,5.5,5.0,2.0,3.3,1.9,N,N,9.8,4.8,9.1,3.0,4.5,3.0,N,N,15.8,5.7,11.1,2.7,9.5,3.3,N,N,12.9,5.1,11.1,2.9,8.6,2.9,N,N,14.9,5.2,19.8,3.3,20.9,4.0,N,N,17.0,5.6,13.6,2.4,15.6,3.3,N,N,9.9,3.9,14.6,2.5,21.4,3.7,N,N,3.3,2.2,3.7,1.0,5.8,1.7,N,N,0.2,0.3,1.4,0.7,2.2,1.1,N,N,0.0,1.0,52867,5077,66475,6619,83428,6582,32310,5148,62410,3200,76654,4623,N,N,37800,3874,22.2,(X),(X),(X),(X),(X),(X),(X),(X),(X),22.2,(X),(X),(X),(X),(X),(X),(X),(X),(X),(X),(X),21.5,(X)
0500000US17043,17043,"DuPage County, Illinois",338778,2510,240411,3932,196786,4059,98367,3744,3.8,0.5,1.8,0.5,0.7,0.2,9.5,1.5,2.2,0.4,1.2,0.3,0.8,0.3,5.1,1.2,6.3,0.6,3.8,0.6,2.5,0.5,12.7,1.5,7.8,0.7,5.7,0.7,4.7,0.7,13.1,1.8,11.6,0.8,9.6,0.9,7.8,0.8,16.6,1.8,17.5,1.0,16.4,1.1,15.2,1.1,20.1,2.0,13.0,0.8,14.4,0.9,14.4,0.9,9.7,1.4,19.0,1.0,23.0,1.3,25.5,1.5,8.8,1.4,8.2,0.7,10.5,0.8,12.2,1.0,1.9,0.5,10.5,0.7,13.7,0.9,16.1,1.1,2.5,0.7,76195,1794,93880,2966,105848,2526,42641,1757,105380,2798,124002,3661,136830,4285,56992,2794,32.0,(X),(X),(X),(X),(X),(X),(X),(X),(X),32.4,(X),(X),(X),(X),(X),(X),(X),(X),(X),(X),(X),28.9,(X)
0500000US17089,17089,"Kane County, Illinois",171973,2081,125473,3595,98891,3619,46500,3147,4.2,0.8,2.6,0.8,0.8,0.5,9.1,2.3,3.1,0.7,1.4,0.5,0.8,0.4,8.0,2.2,7.4,1.2,5.2,1.2,3.0,0.9,14.4,2.6,8.1,1.2,6.5,1.3,4.7,1.2,13.0,3.3,11.8,1.2,10.3,1.4,8.5,1.5,16.7,2.9,17.4,1.4,17.4,1.6,17.1,1.8,17.2,3.0,15.7,1.5,17.6,1.9,19.8,2.1,9.2,1.9,17.8,1.7,20.5,2.0,23.3,2.3,9.4,2.6,7.2,1.0,9.1,1.4,11.1,1.7,1.7,1.1,7.1,1.0,9.3,1.4,10.8,1.6,1.4,0.9,72108,2875,82091,3086,90919,3507,40420,3324,92590,4070,105391,5254,117396,5751,54938,7472,30.4,(X),(X),(X),(X),(X),(X),(X),(X),(X),30.0,(X),(X),(X),(X),(X),(X),(X),(X),(X),(X),(X),30.3,(X)
0500000US17091,17091,"Kankakee County, Illinois",41822,1194,28696,1749,19383,1604,13126,1451,7.0,2.0,4.4,1.6,0.9,0.7,14.6,5.7,4.5,1.6,3.2,1.5,1.1,0.9,7.9,3.3,10.5,2.1,7.5,2.6,7.6,3.4,18.1,4.9,13.7,2.5,13.2,2.9,9.9,3.0,15.4,5.2,14.5,2.9,14.7,3.0,11.7,3.3,17.9,6.0,19.4,3.0,19.4,3.4,20.3,3.7,15.5,5.1,12.2,2.2,16.3,3.3,17.8,4.2,4.3,2.0,13.6,2.2,15.8,2.8,22.7,3.8,4.0,2.1,3.5,1.6,4.1,1.7,5.8,2.5,2.4,3.2,1.0,0.8,1.5,1.1,2.2,1.7,0.0,1.1,49761,3843,58926,6060,72191,5375,31580,3340,62730,5082,71101,6416,N,N,39792,6493,29.4,(X),(X),(X),(X),(X),(X),(X),(X),(X),32.9,(X),(X),(X),(X),(X),(X),(X),(X),(X),(X),(X),20.9,(X)
0500000US17093,17093,"Kendall County, Illinois",37663,1698,29349,2661,N,N,8314,2277,4.8,4.1,5.8,5.3,N,N,1.3,1.6,2.3,2.0,1.2,1.7,N,N,5.9,6.2,4.5,2.0,4.7,2.4,N,N,5.1,3.8,7.3,3.9,5.2,3.2,N,N,15.7,10.7,10.1,3.4,8.5,3.9,N,N,13.8,8.3,21.2,6.0,19.5,6.2,N,N,29.2,12.2,18.8,4.6,17.5,5.1,N,N,21.5,13.6,18.9,4.6,23.9,5.9,N,N,1.2,1.4,9.8,3.2,11.8,4.4,N,N,2.8,5.1,2.3,1.8,1.9,1.4,N,N,3.6,5.4,74859,5275,81070,9792,93064,10291,60303,22603,84929,6486,90329,7513,N,N,64567,12753,27.7,(X),(X),(X),(X),(X),(X),(X),(X),(X),24.4,(X),(X),(X),(X),(X),(X),(X),(X),(X),(X),(X),39.5,(X)
0500000US17097,17097,"Lake County, Illinois",244935,2134,179467,3485,144115,3628,65468,3343,4.4,0.7,2.8,0.6,0.7,0.3,10.1,1.8,2.8,0.5,1.9,0.5,0.6,0.3,5.8,1.6,7.3,0.8,4.9,0.8,2.7,0.7,15.7,2.0,7.6,1.1,5.0,1.1,4.3,1.1,14.0,2.1,10.9,1.0,9.6,1.2,7.9,1.2,14.2,2.1,17.1,1.2,17.4,1.4,17.1,1.5,16.9,2.6,13.1,1.0,14.2,1.3,14.7,1.5,9.0,1.6,15.6,1.1,17.9,1.4,20.3,1.6,8.4,1.3,8.9,0.7,11.0,0.9,13.1,1.1,2.9,1.1,12.3,0.7,15.4,1.0,18.7,1.2,3.0,1.0,74869,2536,90001,3035,103003,4046,39420,2765,108047,2953,124784,3600,142154,4417,57585,4129,31.2,(X),(X),(X),(X),(X),(X),(X),(X),(X),32.1,(X),(X),(X),(X),(X),(X),(X),(X),(X),(X),(X),26.8,(X)
0500000US17099,17099,"LaSalle County, Illinois",43647,1407,28713,1677,21298,1439,14934,1578,6.6,1.8,4.9,2.1,1.4,0.7,11.1,3.5,6.5,2.1,3.9,2.2,1.6,1.2,12.3,4.3,10.6,1.9,7.7,2.1,5.5,2.0,17.3,4.9,11.0,1.9,7.2,2.0,6.2,1.8,18.2,4.2,16.2,2.5,16.0,2.8,15.0,2.9,16.5,5.1,18.3,2.1,20.8,3.0,22.6,3.5,13.4,3.3,12.6,2.2,16.5,3.1,19.0,3.5,5.0,1.9,12.9,1.9,15.6,2.6,19.4,3.4,5.5,2.9,2.9,1.1,4.2,1.5,5.2,2.0,0.6,0.6,2.3,0.9,3.4,1.3,4.2,1.7,0.0,0.9,48552,4244,61331,3705,72991,4415,30578,2907,64147,3840,76309,5563,N,N,37714,3741,30.3,(X),(X),(X),(X),(X),(X),(X),(X),(X),28.2,(X),(X),(X),(X),(X),(X),(X),(X),(X),(X),(X),32.7,(X)
0500000US17111,17111,"McHenry County, Illinois",109032,1571,83529,2339,66495,2843,25503,1979,3.9,1.0,1.8,0.7,0.4,0.3,12.2,3.4,2.5,0.8,2.0,0.9,0.7,0.5,5.2,2.1,6.7,1.3,3.8,1.2,1.7,0.8,18.1,4.1,7.4,1.2,4.8,1.0,4.2,1.2,15.0,3.0,11.6,1.6,10.9,1.8,9.4,1.9,14.7,3.6,17.6,1.8,18.8,2.0,18.7,2.1,15.5,3.4,15.5,1.8,16.6,2.2,17.8,2.5,9.6,2.7,20.4,1.9,23.9,2.4,26.6,2.6,5.5,2.5,7.8,1.3,9.5,1.7,11.2,1.9,2.1,1.3,6.6,1.2,8.0,1.4,9.3,1.7,2.1,1.8,75449,3797,87863,4755,97087,2535,34712,3387,89633,3170,100315,3667,110199,4191,49163,4597,25.4,(X),(X),(X),(X),(X),(X),(X),(X),(X),26.1,(X),(X),(X),(X),(X),(X),(X),(X),(X),(X),(X),22.2,(X)
0500000US17113,17113,"McLean County, Illinois",65231,1521,40130,1989,31410,1748,25101,1677,8.1,1.8,2.2,1.1,0.8,0.5,18.2,3.9,4.2,1.1,1.9,0.7,1.3,0.8,8.1,2.6,8.7,1.6,4.9,2.0,1.4,0.8,14.4,3.7,9.2,1.6,7.0,1.9,4.3,1.6,14.1,2.9,10.1,1.5,9.6,1.6,7.8,1.8,11.2,2.8,17.2,2.0,16.9,2.7,18.3,3.3,17.0,3.4,12.8,1.8,15.5,2.4,16.2,2.4,8.1,2.9,19.1,2.2,26.7,3.3,31.4,3.7,6.2,2.0,5.4,1.1,7.9,1.7,9.8,2.2,1.5,0.8,5.2,1.1,7.4,1.8,8.7,2.1,1.3,1.1,61846,2810,87033,7505,99792,5952,31219,3182,79469,3737,100668,5502,N,N,43758,4308,28.3,(X),(X),(X),(X),(X),(X),(X),(X),(X),26.2,(X),(X),(X),(X),(X),(X),(X),(X),(X),(X),(X),31.2,(X)
0500000US17115,17115,"Macon County, Illinois",44965,1153,28046,1557,20727,1396,16919,1328,10.4,2.2,7.2,2.3,1.8,1.0,16.5,3.9,7.6,2.1,5.8,2.1,2.2,2.0,11.0,4.4,10.1,1.9,6.0,1.7,3.2,1.5,17.5,4.4,9.6,1.9,6.9,1.7,6.4,1.9,14.1,3.4,15.7,2.5,16.5,2.5,16.7,3.5,14.8,5.1,18.8,2.3,21.8,2.7,23.4,3.3,13.0,3.6,11.5,1.6,13.6,2.3,17.6,3.1,6.8,2.7,11.0,2.1,14.1,2.9,17.7,3.7,5.7,3.1,2.8,0.9,4.4,1.4,6.0,2.0,0.1,0.2,2.5,0.8,3.8,1.3,5.1,1.7,0.3,0.4,45957,2504,57082,3701,69990,3735,27516,4608,62101,4250,75067,6133,N,N,38952,4193,24.2,(X),(X),(X),(X),(X),(X),(X),(X),(X),23.1,(X),(X),(X),(X),(X),(X),(X),(X),(X),(X),(X),25.3,(X)
0500000US17119,17119,"Madison County, Illinois",107186,2049,72912,2482,52973,2658,34274,2139,7.3,1.4,3.4,1.3,1.2,0.7,16.4,3.7,5.3,1.0,3.5,1.3,1.3,0.6,10.0,2.1,9.4,1.4,6.6,1.3,4.8,1.4,17.0,3.1,10.4,1.5,7.7,1.7,4.7,1.3,15.2,3.2,13.6,1.5,12.6,1.8,11.0,1.7,15.8,3.3,20.1,1.8,23.1,2.5,23.6,2.5,12.9,2.8,12.2,1.7,14.4,2.2,16.5,2.6,6.4,1.7,13.7,1.7,17.9,2.1,23.4,2.4,4.1,2.0,4.1,0.9,5.7,1.4,6.7,1.7,1.0,0.7,3.9,1.0,5.0,1.3,6.8,1.8,1.2,1.2,54101,3060,66963,2916,79291,3532,30069,2362,70125,4833,79990,3379,93061,3948,46296,12411,29.8,(X),(X),(X),(X),(X),(X),(X),(X),(X),28.7,(X),(X),(X),(X),(X),(X),(X),(X),(X),(X),(X),30.4,(X)
0500000US17143,17143,"Peoria County, Illinois",75671,1547,46228,2196,32870,1947,29443,2125,9.7,1.7,5.9,1.6,2.4,1.3,16.7,3.6,3.7,0.9,1.9,0.9,0.6,0.5,6.6,1.9,12.5,1.8,9.1,2.3,5.1,2.2,17.4,3.1,10.5,1.7,7.3,2.1,3.9,1.3,15.5,3.3,14.1,1.9,13.4,2.2,11.7,2.6,15.8,3.4,17.9,2.0,19.9,2.6,23.1,3.4,14.5,2.9,12.6,1.6,17.1,2.4,21.1,3.1,5.5,2.0,12.6,1.6,16.4,2.4,19.9,2.8,5.7,1.9,3.8,0.9,5.6,1.4,7.5,1.9,1.0,0.8,2.5,0.8,3.3,1.2,4.6,1.7,1.3,1.0,49391,2176,65181,3474,78319,5093,29956,2110,65500,3229,78661,4618,N,N,43567,4719,36.5,(X),(X),(X),(X),(X),(X),(X),(X),(X),37.3,(X),(X),(X),(X),(X),(X),(X),(X),(X),(X),(X),34.8,(X)
0500000US17161,17161,"Rock Island County, Illinois",59810,1398,39197,1851,27965,1789,20613,1513,8.2,1.6,5.9,1.5,1.8,1.1,14.6,3.9,5.9,1.4,1.7,0.9,1.1,0.9,13.8,3.4,9.8,1.9,6.6,2.3,4.6,1.8,15.8,3.4,11.3,2.1,9.5,2.1,6.5,1.9,15.9,4.2,16.0,2.2,16.0,2.7,16.2,3.3,15.9,3.4,19.1,2.4,20.5,2.4,20.3,2.7,14.8,4.0,11.6,1.9,14.9,2.6,17.4,3.4,5.8,2.6,11.7,1.8,16.3,2.7,20.4,3.5,2.4,1.4,3.7,1.1,4.9,1.5,6.4,2.1,0.5,0.5,2.6,0.8,3.7,1.2,5.3,1.8,0.5,0.5,48159,3625,62051,4836,73759,6607,28163,3559,63590,3039,76776,4123,N,N,35939,2768,30.7,(X),(X),(X),(X),(X),(X),(X),(X),(X),32.1,(X),(X),(X),(X),(X),(X),(X),(X),(X),(X),(X),26.2,(X)
0500000US17163,17163,"St. Clair County, Illinois",103920,2113,71629,3074,46753,2605,32291,2348,9.2,1.5,7.4,1.5,2.4,1.5,15.5,3.6,6.2,1.4,4.2,1.5,1.4,0.8,11.2,3.2,11.5,1.5,7.4,1.6,3.5,1.2,20.7,3.5,11.8,1.7,9.4,2.0,7.5,1.9,15.6,3.3,12.5,1.6,13.5,1.9,10.8,1.8,12.7,2.7,18.1,2.2,18.4,2.2,19.6,2.8,15.1,3.2,11.8,1.5,14.1,1.9,18.0,2.8,5.7,2.0,10.9,1.4,14.5,2.0,20.4,2.6,2.5,1.2,4.5,0.9,6.3,1.3,9.6,1.9,0.4,0.4,3.6,0.8,4.8,1.1,6.8,1.6,0.8,0.6,48136,3402,60305,3041,80852,3545,26388,2773,69457,5291,83510,7539,106790,11159,35741,2847,29.0,(X),(X),(X),(X),(X),(X),(X),(X),(X),28.3,(X),(X),(X),(X),(X),(X),(X),(X),(X),(X),(X),29.5,(X)
0500000US17167,17167,"Sangamon County, Illinois",82761,1604,51982,1957,37869,2215,30779,1787,8.2,1.3,5.2,1.4,1.4,0.7,15.0,2.9,4.5,1.1,2.7,1.0,1.7,0.9,6.9,2.2,9.8,1.4,7.2,1.7,3.5,1.4,15.8,3.2,9.6,1.5,7.8,1.8,6.0,1.9,11.9,2.9,13.8,1.6,11.1,2.1,10.8,2.3,18.3,2.8,17.5,1.9,18.1,2.3,17.5,2.7,16.3,3.4,13.5,1.5,15.7,2.4,18.4,2.9,9.4,2.4,14.3,1.6,20.0,2.3,25.3,3.1,4.0,1.5,4.5,0.9,6.4,1.3,8.1,1.7,1.3,1.2,4.2,1.1,5.9,1.6,7.2,2.0,1.0,0.6,55317,2517,72816,4922,84624,5604,35298,3654,72802,3569,88067,5027,N,N,44459,3505,32.9,(X),(X),(X),(X),(X),(X),(X),(X),(X),32.2,(X),(X),(X),(X),(X),(X),(X),(X),(X),(X),(X),33.6,(X)
0500000US17179,17179,"Tazewell County, Illinois",54161,1252,36878,1667,N,N,17283,1472,4.3,1.1,3.2,1.5,N,N,8.7,2.8,3.3,0.9,1.5,0.7,N,N,8.3,2.6,8.8,1.7,6.9,2.1,N,N,15.3,4.1,12.7,2.5,7.1,2.1,N,N,23.3,6.2,15.7,2.4,15.1,2.8,N,N,16.2,4.5,19.2,2.4,20.4,2.8,N,N,15.6,3.7,13.8,2.1,16.7,2.8,N,N,6.0,3.0,14.5,2.1,18.9,3.0,N,N,4.8,2.6,4.5,1.3,5.7,1.7,N,N,1.6,1.3,3.1,0.9,4.3,1.3,N,N,0.4,0.5,56656,4463,70738,3528,77529,4010,32810,2319,72279,3617,85190,4777,N,N,41411,3711,32.3,(X),(X),(X),(X),(X),(X),(X),(X),(X),30.5,(X),(X),(X),(X),(X),(X),(X),(X),(X),(X),(X),34.9,(X)
0500000US17183,17183,"Vermilion County, Illinois",31482,1041,20527,1367,14575,1245,10955,1100,9.5,2.0,6.4,2.4,2.6,1.4,17.4,4.3,5.6,1.5,2.5,1.4,0.9,1.0,12.1,4.0,12.5,2.2,9.3,2.8,5.0,2.4,20.9,5.1,12.9,2.6,9.5,2.5,8.7,2.7,17.4,5.1,13.9,2.2,14.8,2.8,14.7,2.9,10.7,3.3,20.3,3.0,23.5,3.5,24.5,4.1,14.2,4.7,11.8,2.3,16.0,3.2,20.2,4.4,3.5,2.2,10.2,2.2,14.2,2.9,18.3,3.8,2.6,1.8,1.4,0.6,1.8,0.9,2.2,1.3,0.0,1.3,1.8,0.7,2.1,1.0,2.9,1.4,1.2,1.3,45089,2847,56695,2564,67252,4868,24876,2858,55410,2451,65406,3367,N,N,34105,4026,40.0,(X),(X),(X),(X),(X),(X),(X),(X),(X),38.9,(X),(X),(X),(X),(X),(X),(X),(X),(X),(X),(X),40.6,(X)
0500000US17197,17197,"Will County, Illinois",223508,2212,168627,3612,131689,3722,54881,3334,4.6,0.7,3.0,0.6,0.9,0.3,10.8,2.0,2.3,0.5,0.9,0.3,0.6,0.2,6.8,1.7,7.2,0.8,5.4,0.8,3.1,0.7,14.8,2.2,7.1,0.8,5.7,0.9,3.9,0.8,12.4,2.1,11.7,1.1,10.4,1.2,8.2,1.2,15.7,2.4,17.5,1.3,16.8,1.5,16.4,1.6,18.0,2.4,15.2,1.1,16.8,1.4,18.5,1.8,9.7,2.1,19.9,1.1,23.7,1.4,27.1,1.6,7.0,1.7,7.7,0.9,9.2,1.0,11.3,1.3,1.8,1.1,6.8,0.7,8.0,0.9,10.0,1.1,2.9,1.3,74397,2067,85236,2133,96538,3236,38762,3206,89485,1959,100023,2278,112718,2762,52555,3963,31.0,(X),(X),(X),(X),(X),(X),(X),(X),(X),30.3,(X),(X),(X),(X),(X),(X),(X),(X),(X),(X),(X),30.9,(X)
0500000US17199,17199,"Williamson County, Illinois",26724,1321,18273,1374,N,N,8451,1095,7.3,2.4,5.2,2.2,N,N,13.1,5.9,7.3,2.3,3.8,2.2,N,N,16.1,6.1,11.1,2.4,8.1,2.3,N,N,19.8,6.3,13.5,2.9,12.0,3.6,N,N,17.0,6.0,18.0,2.8,19.2,3.8,N,N,13.1,5.5,17.1,3.3,18.4,4.0,N,N,12.3,5.8,10.3,2.8,12.3,3.8,N,N,5.9,3.0,11.7,2.7,16.3,3.8,N,N,2.0,2.1,2.1,1.3,2.7,1.8,N,N,0.0,1.7,1.5,1.2,1.9,1.5,N,N,0.7,1.2,44418,3220,54265,8150,66056,5740,25587,5739,57101,4419,66559,5363,N,N,33765,5456,31.4,(X),(X),(X),(X),(X),(X),(X),(X),(X),29.4,(X),(X),(X),(X),(X),(X),(X),(X),(X),(X),(X),35.6,(X)
0500000US17201,17201,"Winnebago County, Illinois",113248,2138,77007,2301,54434,2630,36241,1871,8.3,1.4,6.0,1.4,2.3,1.2,15.2,3.1,4.9,0.8,3.1,0.8,1.4,0.8,8.7,2.0,11.7,1.6,9.5,1.9,5.6,1.5,17.8,3.0,11.8,1.6,9.9,1.7,7.4,1.6,15.8,2.8,16.3,1.7,17.2,1.8,14.9,2.3,15.4,2.8,18.7,2.0,19.6,2.4,22.5,3.1,14.5,2.8,12.6,1.5,15.0,2.0,19.3,2.8,6.6,1.9,10.4,1.1,13.1,1.5,17.6,2.1,3.8,1.5,2.9,0.7,3.5,1.0,4.5,1.4,1.2,0.7,2.5,0.7,3.2,1.0,4.5,1.4,0.9,0.7,46946,1727,55064,3012,69675,4861,29707,2616,62266,2889,71462,4197,N,N,39222,2810,28.3,(X),(X),(X),(X),(X),(X),(X),(X),(X),28.5,(X),(X),(X),(X),(X),(X),(X),(X),(X),(X),(X),26.2,(X)
0500000US18003,18003,"Allen County, Indiana",142535,1568,91229,2780,66178,2891,51306,2843,7.4,1.1,5.2,1.1,1.9,0.8,12.4,2.5,5.4,0.8,4.5,1.1,1.6,0.8,8.2,1.9,12.0,1.3,8.6,1.3,5.5,1.3,19.7,2.8,12.5,1.2,9.0,1.3,6.3,1.2,18.2,2.7,17.2,1.8,16.1,2.0,16.0,2.2,18.5,2.9,18.7,1.8,21.2,2.1,23.3,2.4,13.6,2.5,11.2,1.1,13.4,1.7,16.5,2.1,6.9,1.7,10.7,1.2,14.6,1.6,19.4,2.1,2.1,1.0,2.7,0.5,4.1,0.8,5.3,1.0,0.2,0.2,2.2,0.6,3.3,0.9,4.3,1.2,0.2,0.2,45006,2091,56639,1793,69688,3164,30414,2140,61259,2857,73774,4141,87355,5400,35829,2031,25.6,(X),(X),(X),(X),(X),(X),(X),(X),(X),24.6,(X),(X),(X),(X),(X),(X),(X),(X),(X),(X),(X),25.0,(X)
0500000US18005,18005,"Bartholomew County, Indiana",30359,991,19989,1480,N,N,10370,1370,4.5,1.7,1.8,1.1,N,N,11.6,4.8,4.3,1.7,2.4,2.1,N,N,7.6,3.0,10.2,2.9,7.9,3.4,N,N,13.8,5.4,9.8,2.7,10.8,3.5,N,N,11.3,4.1,19.2,3.3,17.2,3.6,N,N,22.4,6.3,17.3,2.9,17.5,4.0,N,N,16.1,5.3,13.2,2.7,16.9,3.8,N,N,4.3,2.9,15.4,2.9,17.6,4.0,N,N,10.3,4.0,3.6,1.4,4.9,2.1,N,N,1.3,1.5,2.6,1.3,3.2,1.6,N,N,1.6,1.9,52505,7233,65981,6780,75665,4482,36963,3028,68995,4262,76638,5109,N,N,51565,8437,17.5,(X),(X),(X),(X),(X),(X),(X),(X),(X),19.4,(X),(X),(X),(X),(X),(X),(X),(X),(X),(X),(X),13.5,(X)
0500000US18019,18019,"Clark County, Indiana",42192,1509,27613,1777,N,N,14579,1481,7.1,1.9,3.1,1.8,N,N,14.6,5.1,4.1,1.1,1.1,0.9,N,N,9.8,2.9,10.2,2.4,6.2,2.1,N,N,18.2,5.5,10.0,2.3,8.3,2.4,N,N,14.7,4.5,17.1,2.7,18.4,3.5,N,N,16.5,4.3,21.8,3.3,24.4,4.2,N,N,16.1,4.8,15.2,2.6,19.4,3.8,N,N,5.0,2.5,11.0,2.2,15.0,3.5,N,N,2.8,1.9,2.0,1.0,2.8,1.5,N,N,0.3,0.5,1.5,1.2,1.2,0.9,N,N,2.1,3.2,50760,2586,62249,8158,72667,5584,29703,3139,60363,3705,71267,4487,N,N,37743,5997,28.6,(X),(X),(X),(X),(X),(X),(X),(X),(X),27.3,(X),(X),(X),(X),(X),(X),(X),(X),(X),(X),(X),29.8,(X)
0500000US18035,18035,"Delaware County, Indiana",46431,1562,27202,1620,19853,1613,19229,1812,12.9,2.3,5.5,2.1,1.1,0.9,23.7,5.1,8.0,2.0,4.5,2.1,2.1,1.4,12.7,3.6,16.8,2.5,12.0,3.4,6.6,2.4,24.8,5.0,10.4,1.9,9.2,2.5,9.0,3.1,13.4,3.6,14.8,2.0,17.8,3.4,19.4,3.9,10.5,3.2,16.1,2.4,19.5,3.3,20.5,3.5,9.2,3.2,9.3,2.0,13.9,3.1,18.2,4.1,2.4,1.7,7.8,2.1,11.4,3.1,14.6,4.0,2.5,2.0,2.5,1.0,4.3,1.7,5.9,2.3,0.0,0.8,1.4,0.7,1.8,0.9,2.5,1.2,0.8,0.9,36402,2314,51079,5714,65590,4418,21078,1747,50407,3030,65022,4875,N,N,28670,3639,28.1,(X),(X),(X),(X),(X),(X),(X),(X),(X),25.9,(X),(X),(X),(X),(X),(X),(X),(X),(X),(X),(X),29.4,(X)
0500000US18039,18039,"Elkhart County, Indiana",71056,1478,52272,2149,37597,2308,18784,2034,7.0,1.7,6.1,1.9,1.4,1.1,11.7,3.4,5.6,1.5,3.0,1.5,2.5,1.4,11.0,3.5,12.1,2.0,9.3,2.0,7.8,2.5,20.6,4.6,13.0,2.2,10.5,2.0,8.6,2.0,21.8,5.1,18.0,2.9,19.8,3.4,18.1,3.3,15.3,4.5,19.6,2.6,22.1,3.2,24.2,3.5,9.9,3.2,12.3,2.2,14.2,2.8,17.6,3.6,5.5,2.2,8.8,1.6,10.7,2.3,14.2,3.1,2.8,1.6,2.0,0.7,2.1,0.8,2.5,1.1,0.9,1.4,1.7,0.6,2.2,0.9,3.0,1.2,0.4,0.7,45387,2212,50939,2676,60474,6875,28055,2831,55697,2297,61913,3034,N,N,34975,3308,25.7,(X),(X),(X),(X),(X),(X),(X),(X),(X),27.5,(X),(X),(X),(X),(X),(X),(X),(X),(X),(X),(X),19.4,(X)
0500000US18043,18043,"Floyd County, Indiana",28343,994,19794,1197,N,N,8549,1188,7.1,2.1,5.2,2.3,N,N,12.0,4.9,5.3,1.8,3.2,1.9,N,N,10.4,4.2,9.5,2.6,3.8,2.1,N,N,22.2,6.4,9.2,2.3,7.5,2.2,N,N,13.3,5.1,12.1,2.4,11.4,3.3,N,N,16.3,5.7,17.5,2.7,17.7,3.1,N,N,15.5,5.2,15.5,3.2,18.7,4.4,N,N,8.1,4.5,15.8,2.8,21.0,3.8,N,N,2.2,1.9,4.0,1.6,5.7,2.3,N,N,0.0,1.7,4.0,1.7,5.8,2.4,N,N,0.0,1.7,57401,4405,76563,5735,91248,4991,30773,5095,72369,4949,87589,6560,N,N,35371,3614,22.4,(X),(X),(X),(X),(X),(X),(X),(X),(X),23.5,(X),(X),(X),(X),(X),(X),(X),(X),(X),(X),(X),19.5,(X)
0500000US18053,18053,"Grant County, Indiana",27003,968,16719,1281,N,N,10284,1261,9.7,2.8,11.3,4.4,N,N,14.0,4.4,7.9,3.0,6.4,3.3,N,N,10.9,5.3,11.8,3.2,5.7,2.5,N,N,20.7,7.1,16.6,3.5,10.7,3.5,N,N,21.0,5.6,16.1,3.0,15.9,3.5,N,N,15.3,4.9,18.5,3.0,24.9,4.8,N,N,9.7,3.5,12.7,3.0,16.1,4.4,N,N,5.6,3.7,4.6,2.0,6.0,2.8,N,N,2.2,2.3,1.8,1.1,2.2,1.4,N,N,0.6,1.0,0.4,0.6,0.7,0.9,N,N,0.0,1.4,38665,3135,49955,6001,61517,5502,27654,2911,47875,3164,55567,4626,N,N,32436,3688,33.7,(X),(X),(X),(X),(X),(X),(X),(X),(X),32.0,(X),(X),(X),(X),(X),(X),(X),(X),(X),(X),(X),34.6,(X)
0500000US18057,18057,"Hamilton County, Indiana",107904,1676,77088,2433,65628,2652,30816,2417,2.8,0.9,2.1,0.9,0.4,0.5,6.0,2.4,2.6,0.8,0.7,0.5,0.4,0.4,7.4,2.8,6.7,1.4,3.2,1.1,2.0,1.1,14.4,4.1,5.6,1.3,3.0,0.9,2.0,0.7,12.1,3.7,10.3,1.5,8.0,1.7,6.0,1.5,17.6,4.4,17.7,1.9,16.3,2.0,15.3,2.0,21.0,4.6,13.7,1.8,14.4,2.0,15.4,2.2,10.6,3.0,22.1,2.3,28.3,2.8,30.4,3.0,6.9,2.3,8.0,1.4,10.2,1.9,11.9,2.3,1.9,1.3,10.5,1.6,13.9,2.0,16.1,2.3,2.1,1.9,81958,3399,102101,3431,112179,5613,42001,4466,107212,5550,125962,6968,N,N,58491,9081,26.0,(X),(X),(X),(X),(X),(X),(X),(X),(X),26.8,(X),(X),(X),(X),(X),(X),(X),(X),(X),(X),(X),23.5,(X)
0500000US18059,18059,"Hancock County, Indiana",26072,1241,19498,1114,N,N,6574,1156,5.5,3.0,0.9,0.9,N,N,19.3,11.0,2.2,1.5,1.7,1.8,N,N,3.7,2.9,8.2,2.5,5.0,2.4,N,N,19.1,8.9,8.0,3.3,5.3,2.9,N,N,18.2,9.4,14.8,3.9,14.0,4.1,N,N,17.4,9.3,19.3,4.8,21.7,5.7,N,N,9.9,6.4,19.2,4.2,24.6,5.7,N,N,3.0,3.7,15.6,4.2,17.5,4.9,N,N,8.0,6.3,4.9,2.3,6.5,3.2,N,N,0.0,2.3,2.4,1.4,2.8,1.8,N,N,1.4,2.2,65421,8594,77784,8691,82964,6003,26707,4710,73598,5973,83274,7180,N,N,42255,11849,25.9,(X),(X),(X),(X),(X),(X),(X),(X),(X),24.7,(X),(X),(X),(X),(X),(X),(X),(X),(X),(X),(X),29.4,(X)
0500000US18063,18063,"Hendricks County, Indiana",55273,1018,41815,1533,N,N,13458,1448,2.5,1.3,2.0,1.3,N,N,6.7,3.9,2.0,1.0,1.3,1.1,N,N,5.7,3.3,5.7,1.7,2.4,1.1,N,N,14.0,4.9,7.4,1.8,6.9,2.1,N,N,9.6,4.0,14.7,2.7,13.1,3.7,N,N,23.0,6.3,25.2,3.3,25.8,3.6,N,N,19.9,5.7,15.2,2.9,16.8,3.4,N,N,9.1,3.8,16.9,2.8,19.2,3.0,N,N,8.2,5.8,7.0,1.7,8.7,2.1,N,N,1.7,1.7,3.5,1.1,4.0,1.4,N,N,2.1,1.8,67535,3693,72900,5238,87517,8152,43903,5379,82781,5033,87555,4044,N,N,64391,15928,33.1,(X),(X),(X),(X),(X),(X),(X),(X),(X),31.4,(X),(X),(X),(X),(X),(X),(X),(X),(X),(X),(X),34.6,(X)
0500000US18067,18067,"Howard County, Indiana",34435,1253,21528,1663,N,N,12907,1551,9.6,2.5,4.4,2.0,N,N,19.0,6.2,5.9,2.2,3.1,2.1,N,N,11.4,4.8,11.9,2.9,7.3,3.3,N,N,22.0,6.2,11.9,2.7,8.8,2.8,N,N,16.6,6.1,14.8,2.8,14.6,3.0,N,N,12.7,4.9,19.8,3.4,25.6,4.8,N,N,10.9,4.2,14.2,2.5,18.9,3.6,N,N,4.5,2.4,8.3,2.1,11.8,3.2,N,N,2.6,2.0,1.5,0.7,2.3,1.1,N,N,0.3,0.4,2.0,1.0,3.3,1.6,N,N,0.0,1.2,44265,4320,59289,3391,68840,6250,23941,3208,55634,3003,69550,3793,N,N,30368,3051,27.0,(X),(X),(X),(X),(X),(X),(X),(X),(X),23.8,(X),(X),(X),(X),(X),(X),(X),(X),(X),(X),(X),32.0,(X)
0500000US18081,18081,"Johnson County, Indiana",52838,1423,39618,2099,30643,2192,13220,1757,5.9,2.1,4.3,2.5,0.3,0.5,13.8,5.9,4.7,2.0,4.1,2.3,3.7,2.7,6.8,3.5,8.7,2.4,7.4,2.8,5.6,2.9,13.7,5.2,9.8,2.1,8.4,2.7,6.2,2.3,18.1,5.7,15.9,2.9,13.3,3.1,12.6,3.4,21.0,6.5,18.5,2.9,18.2,2.9,18.2,3.2,18.5,6.4,15.1,2.5,17.2,3.3,20.6,4.0,4.9,2.7,13.0,2.2,16.7,2.9,19.4,3.5,1.6,1.5,4.4,1.4,5.5,1.8,7.0,2.2,1.0,1.2,3.9,1.1,4.9,1.4,6.3,1.8,0.6,0.9,57245,3884,67126,5288,79258,7232,32171,5165,72957,4192,82403,5817,N,N,39284,4535,29.8,(X),(X),(X),(X),(X),(X),(X),(X),(X),27.5,(X),(X),(X),(X),(X),(X),(X),(X),(X),(X),(X),36.4,(X)
0500000US18085,18085,"Kosciusko County, Indiana",28649,1345,19823,1527,N,N,8826,1012,6.6,2.0,4.3,1.8,N,N,12.6,5.0,5.5,1.7,3.6,1.8,N,N,10.1,4.1,9.3,1.7,4.9,1.9,N,N,19.7,5.6,11.0,2.3,6.6,2.3,N,N,22.1,6.0,15.8,2.9,16.4,3.7,N,N,14.4,4.0,23.5,3.8,28.1,4.7,N,N,12.9,5.6,12.6,2.6,15.4,3.7,N,N,4.6,3.0,9.5,2.3,12.9,3.0,N,N,2.5,2.2,3.3,1.4,3.8,1.7,N,N,0.5,0.9,3.0,1.4,4.1,2.1,N,N,0.5,0.9,51221,2685,63438,3314,70754,4041,28141,2666,65887,5410,78555,7554,N,N,34644,3780,27.8,(X),(X),(X),(X),(X),(X),(X),(X),(X),27.6,(X),(X),(X),(X),(X),(X),(X),(X),(X),(X),(X),26.7,(X)
0500000US18089,18089,"Lake County, Indiana",186553,1860,125634,2994,82855,3121,60919,3061,8.7,1.0,6.9,1.0,1.9,0.7,13.9,2.1,5.9,1.1,4.2,1.0,1.7,0.8,10.2,2.2,11.5,1.2,7.8,1.2,4.4,1.1,18.6,2.6,11.2,1.2,9.4,1.4,8.0,1.6,14.9,2.3,13.9,1.3,14.1,1.7,12.7,1.9,13.0,2.0,19.6,1.6,21.6,1.8,23.3,2.3,16.6,2.4,12.1,1.1,14.1,1.3,17.7,1.9,7.4,1.8,11.5,1.0,14.4,1.5,19.8,2.2,3.7,1.2,3.2,0.7,4.5,1.0,6.5,1.5,0.4,0.3,2.4,0.6,3.0,0.7,4.0,1.1,1.2,0.8,48302,2335,58571,2156,72283,2226,30482,2186,62945,2596,73049,3772,89548,5652,39556,2415,30.0,(X),(X),(X),(X),(X),(X),(X),(X),(X),29.8,(X),(X),(X),(X),(X),(X),(X),(X),(X),(X),(X),29.1,(X)
0500000US18091,18091,"LaPorte County, Indiana",42746,1264,27501,1530,N,N,15245,1442,7.5,2.1,5.0,2.3,N,N,12.4,4.5,5.5,1.5,4.2,1.7,N,N,10.4,3.6,15.5,2.5,11.8,2.6,N,N,22.6,5.9,13.1,2.3,9.8,2.3,N,N,17.8,4.4,11.3,2.1,12.3,3.0,N,N,10.3,2.9,18.2,2.6,20.4,3.3,N,N,13.8,4.9,15.9,2.4,19.1,3.5,N,N,8.6,4.4,8.5,1.7,11.8,2.6,N,N,1.9,1.5,2.6,1.0,2.8,1.2,N,N,1.8,1.6,1.9,0.8,2.7,1.2,N,N,0.5,0.5,46506,4073,57846,6726,68235,3491,28988,4704,59212,3490,68822,4954,N,N,39576,4851,30.0,(X),(X),(X),(X),(X),(X),(X),(X),(X),27.2,(X),(X),(X),(X),(X),(X),(X),(X),(X),(X),(X),33.1,(X)
0500000US18095,18095,"Madison County, Indiana",51877,1675,32721,2041,23493,1866,19156,1885,8.7,1.9,5.9,2.0,1.8,1.3,14.5,4.0,8.9,2.0,5.4,2.0,4.0,2.4,16.7,4.3,14.8,2.4,11.6,2.2,7.4,2.2,22.2,4.8,11.4,1.8,10.1,2.1,6.8,1.7,14.2,3.9,16.5,2.0,16.8,2.8,17.9,3.1,15.1,4.3,16.5,2.0,20.1,2.5,23.5,3.3,9.1,2.5,12.0,2.1,16.1,3.0,20.3,4.1,4.2,2.2,8.2,1.7,9.8,2.1,12.7,2.8,3.4,2.5,1.5,0.8,2.5,1.3,3.5,1.8,0.0,0.8,1.3,0.6,1.6,0.7,2.0,1.0,0.7,1.0,40913,1760,50075,2807,62110,3847,22531,2990,53005,3594,62735,4776,74466,6757,32434,3723,28.9,(X),(X),(X),(X),(X),(X),(X),(X),(X),27.6,(X),(X),(X),(X),(X),(X),(X),(X),(X),(X),(X),30.1,(X)
0500000US18097,18097,"Marion County, Indiana",361596,4466,211893,5654,132637,4267,149703,4949,10.9,0.8,8.7,1.0,2.6,0.8,15.1,1.5,6.1,0.6,4.6,0.7,1.9,0.6,8.8,1.2,13.0,0.9,10.5,1.1,5.8,1.1,17.8,1.6,12.6,1.0,11.1,1.0,8.7,1.1,15.2,1.6,15.7,1.2,14.5,1.4,12.9,1.8,16.8,1.8,17.8,1.0,19.6,1.5,24.2,2.0,14.1,1.5,9.9,0.7,12.7,1.0,16.8,1.4,5.5,1.0,8.9,0.8,11.5,1.0,16.9,1.5,4.6,0.9,2.2,0.3,3.2,0.5,4.7,0.8,0.7,0.3,2.7,0.4,3.6,0.5,5.5,0.8,1.3,0.4,41345,820,50518,1499,67529,2116,30403,1072,59126,2676,69314,4052,89737,6040,42000,2437,27.7,(X),(X),(X),(X),(X),(X),(X),(X),(X),29.4,(X),(X),(X),(X),(X),(X),(X),(X),(X),(X),(X),23.5,(X)
0500000US18105,18105,"Monroe County, Indiana",53577,1856,26958,1799,N,N,26619,1751,14.5,2.5,7.4,2.5,N,N,22.0,4.8,8.2,1.8,4.2,2.2,N,N,13.6,3.3,10.9,2.2,5.6,2.2,N,N,16.3,3.7,8.8,2.1,8.3,2.3,N,N,9.6,3.3,13.0,2.6,12.7,3.6,N,N,13.4,3.5,15.2,2.7,17.5,4.2,N,N,11.9,3.3,12.7,2.1,17.8,3.4,N,N,7.0,2.7,9.8,1.9,14.7,3.3,N,N,4.5,2.1,3.2,1.2,5.0,1.9,N,N,1.0,1.4,3.8,1.2,6.7,2.4,N,N,0.8,0.7,41972,2458,65914,5086,79931,6683,23677,2900,62100,4508,85296,8415,N,N,37136,4122,22.1,(X),(X),(X),(X),(X),(X),(X),(X),(X),19.1,(X),(X),(X),(X),(X),(X),(X),(X),(X),(X),(X),25.0,(X)
0500000US18109,18109,"Morgan County, Indiana",25704,701,19124,908,N,N,6580,927,5.9,2.5,3.8,2.3,N,N,12.2,5.9,3.7,1.7,0.9,0.9,N,N,11.9,6.2,8.8,2.2,5.4,2.1,N,N,21.3,6.8,11.8,3.0,11.4,2.8,N,N,16.1,7.3,13.2,3.1,13.4,3.5,N,N,10.7,6.3,24.6,4.0,27.9,4.8,N,N,13.9,6.7,13.2,3.2,14.8,3.8,N,N,6.5,4.7,13.7,3.4,16.0,4.0,N,N,6.7,5.6,2.8,1.5,3.5,1.9,N,N,0.0,2.3,2.3,1.2,2.9,1.6,N,N,0.8,1.3,56664,5524,64427,6976,70703,3516,28813,3660,69658,6708,78054,8000,N,N,41880,8663,30.0,(X),(X),(X),(X),(X),(X),(X),(X),(X),31.5,(X),(X),(X),(X),(X),(X),(X),(X),(X),(X),(X),25.6,(X)
0500000US18127,18127,"Porter County, Indiana",62471,1239,44076,1799,34351,1947,18395,1644,6.2,1.5,4.4,1.8,1.2,1.0,11.0,3.4,3.9,1.3,2.5,1.3,0.9,0.8,8.8,2.9,9.5,2.1,8.2,2.3,4.3,2.0,14.7,4.0,8.2,1.6,5.8,1.8,4.4,1.5,14.3,4.2,12.9,2.0,10.4,2.0,10.6,2.4,16.9,3.8,17.1,2.5,16.9,3.0,16.3,3.3,17.1,4.3,15.2,2.6,17.8,3.1,20.5,3.9,7.9,3.1,17.6,2.2,21.2,3.0,26.6,3.7,8.1,3.2,6.0,1.5,7.9,2.1,9.1,2.4,1.1,1.1,3.5,1.2,4.9,1.7,6.2,2.1,0.2,0.2,63806,3351,76854,3262,88664,4729,35985,4270,79763,6147,92829,8795,N,N,45596,4362,24.7,(X),(X),(X),(X),(X),(X),(X),(X),(X),25.2,(X),(X),(X),(X),(X),(X),(X),(X),(X),(X),(X),23.1,(X)
0500000US18141,18141,"St. Joseph County, Indiana",103404,1732,63836,2579,44810,2485,39568,2492,8.9,1.4,6.7,1.5,2.6,1.2,13.2,2.7,6.3,1.1,3.8,1.1,1.6,0.6,10.3,2.2,13.3,1.5,10.4,1.9,5.9,1.6,21.2,2.9,14.1,1.9,11.4,2.2,8.9,1.9,18.3,3.3,17.0,2.1,16.3,2.3,16.5,2.4,16.2,3.3,17.5,1.6,20.1,2.0,22.9,2.3,12.2,2.4,9.3,1.2,12.0,1.6,15.5,2.2,5.0,1.5,8.5,1.3,12.1,1.8,16.5,2.5,2.5,1.0,2.6,0.7,3.8,1.1,5.1,1.5,0.6,0.4,2.3,0.6,3.4,0.9,4.5,1.2,0.5,0.5,40528,1265,51136,2462,65100,4161,26946,1462,57156,2960,69128,4357,N,N,36160,2441,26.7,(X),(X),(X),(X),(X),(X),(X),(X),(X),26.9,(X),(X),(X),(X),(X),(X),(X),(X),(X),(X),(X),25.1,(X)
0500000US18157,18157,"Tippecanoe County, Indiana",68442,1608,40774,2254,31371,2464,27668,2016,11.3,2.2,6.8,2.2,3.1,1.8,20.3,4.4,6.1,1.7,2.4,1.0,1.2,0.8,11.3,3.7,12.1,2.4,6.1,2.8,3.5,2.0,21.5,4.5,9.9,1.9,8.8,2.4,7.2,2.9,13.3,3.0,12.9,2.1,10.8,2.8,9.1,2.6,15.6,3.8,20.4,2.7,24.9,3.0,26.6,3.9,12.0,3.6,10.4,2.1,15.5,3.1,18.3,3.8,1.7,1.1,12.0,1.8,17.4,2.9,21.7,3.4,3.4,1.8,3.0,1.0,4.5,1.6,5.6,2.0,0.2,0.3,2.0,0.8,2.8,1.2,3.7,1.6,0.8,0.6,47731,3158,64109,4504,74245,5896,22836,3094,61492,6080,79566,10009,N,N,31978,3450,32.1,(X),(X),(X),(X),(X),(X),(X),(X),(X),29.2,(X),(X),(X),(X),(X),(X),(X),(X),(X),(X),(X),33.4,(X)
0500000US18163,18163,"Vanderburgh County, Indiana",72659,1970,44431,2245,32951,2162,28228,2190,11.0,2.1,8.0,2.2,3.1,1.8,17.4,4.0,5.9,1.5,3.2,1.5,1.3,0.9,10.8,3.0,12.6,1.5,9.3,2.2,8.4,2.6,18.2,3.2,13.8,2.3,11.1,2.4,8.5,2.3,17.1,3.1,15.8,1.8,15.1,2.4,13.7,2.8,15.9,3.6,15.9,1.9,17.8,2.3,21.0,2.6,12.0,3.5,10.7,2.0,14.9,3.0,17.5,3.5,4.9,1.7,9.5,1.5,13.6,2.1,17.6,2.7,1.8,0.9,3.2,0.9,5.0,1.4,6.7,1.9,0.4,0.6,1.7,0.7,1.8,0.9,2.3,1.2,1.5,1.0,41102,2420,54759,6013,67961,5505,26671,2103,56887,3964,66565,3748,N,N,39767,7844,31.4,(X),(X),(X),(X),(X),(X),(X),(X),(X),29.7,(X),(X),(X),(X),(X),(X),(X),(X),(X),(X),(X),32.8,(X)
0500000US18167,18167,"Vigo County, Indiana",39311,1727,23792,1940,N,N,15519,1832,13.3,2.5,7.8,3.4,N,N,23.5,5.6,8.2,2.1,4.5,2.0,N,N,14.8,4.8,16.2,2.5,12.2,3.3,N,N,23.3,4.7,8.9,2.3,11.8,3.8,N,N,7.1,2.9,14.4,2.5,13.9,3.2,N,N,12.0,4.6,17.6,2.7,18.9,3.6,N,N,13.1,3.6,9.8,2.0,13.0,2.7,N,N,4.5,2.7,7.7,2.1,11.6,3.0,N,N,1.8,2.1,1.8,1.3,2.7,2.0,N,N,0.0,1.0,2.2,1.0,3.6,1.6,N,N,0.0,1.0,37930,4110,49776,5950,61769,5133,20224,2919,51087,3625,64305,4961,N,N,28398,3351,30.0,(X),(X),(X),(X),(X),(X),(X),(X),(X),26.8,(X),(X),(X),(X),(X),(X),(X),(X),(X),(X),(X),31.3,(X)
0500000US18177,18177,"Wayne County, Indiana",27425,1003,17943,1442,N,N,9482,1246,11.4,2.8,7.6,2.6,N,N,19.9,5.5,7.9,2.1,3.8,1.7,N,N,15.2,5.3,18.0,3.7,13.3,4.5,N,N,26.9,6.5,13.0,2.4,11.4,2.9,N,N,16.0,5.1,13.2,2.7,15.5,3.6,N,N,8.7,3.8,17.3,3.0,22.2,4.1,N,N,7.3,4.2,9.7,2.3,12.1,2.8,N,N,5.6,3.4,7.2,1.9,10.8,2.8,N,N,0.4,0.5,1.7,1.0,2.4,1.4,N,N,0.0,1.6,0.5,0.5,0.8,0.8,N,N,0.0,1.6,34745,3593,49044,2533,54969,8285,20296,1995,47227,3338,57437,4089,N,N,26630,3410,26.3,(X),(X),(X),(X),(X),(X),(X),(X),(X),25.0,(X),(X),(X),(X),(X),(X),(X),(X),(X),(X),(X),28.4,(X)
0500000US19013,19013,"Black Hawk County, Iowa",52312,1129,30739,1386,23505,1514,21573,1478,8.9,2.2,7.2,2.5,1.0,1.0,12.3,4.0,5.4,1.5,2.6,1.5,1.7,1.5,9.9,2.8,11.9,1.8,6.7,2.2,5.3,2.3,19.2,3.8,12.7,2.2,7.2,1.9,4.7,1.7,20.6,4.2,15.2,2.2,15.5,2.6,15.5,3.0,15.3,3.6,19.3,2.2,24.1,3.0,27.0,3.8,11.2,3.1,11.8,1.7,15.3,2.6,18.2,3.1,6.8,2.1,10.2,1.6,14.5,2.5,17.9,3.0,3.6,1.8,2.6,0.9,4.0,1.5,5.2,1.9,0.8,0.8,2.0,0.7,3.0,1.2,3.6,1.4,0.5,0.5,45666,2254,63055,2880,70300,2502,30209,1943,59438,3097,73263,4274,N,N,38622,4056,31.1,(X),(X),(X),(X),(X),(X),(X),(X),(X),30.7,(X),(X),(X),(X),(X),(X),(X),(X),(X),(X),(X),31.1,(X)
0500000US19049,19049,"Dallas County, Iowa",27287,682,19134,1099,N,N,8153,1056,3.3,1.4,2.5,1.5,N,N,6.0,3.2,2.1,0.9,0.5,0.7,N,N,5.2,2.5,4.7,1.8,2.3,1.3,N,N,11.0,5.7,12.6,3.1,10.5,3.5,N,N,18.3,6.9,11.1,2.6,7.8,2.8,N,N,18.5,6.9,14.4,2.6,13.7,3.1,N,N,15.9,5.5,15.8,3.1,18.2,3.6,N,N,11.9,5.3,20.5,3.7,24.8,4.6,N,N,8.5,4.1,7.7,2.1,10.3,2.9,N,N,0.3,0.5,7.9,2.1,9.4,2.6,N,N,4.4,4.1,78837,6441,92423,6593,101937,6517,41419,5942,94631,5657,109536,7103,N,N,57267,9500,22.7,(X),(X),(X),(X),(X),(X),(X),(X),(X),18.2,(X),(X),(X),(X),(X),(X),(X),(X),(X),(X),(X),29.2,(X)
0500000US19061,19061,"Dubuque County, Iowa",36801,928,23807,1075,N,N,12994,1240,6.0,1.6,3.3,1.6,N,N,13.0,3.7,4.5,1.4,3.3,1.8,N,N,6.7,2.4,10.7,2.3,4.9,1.9,N,N,21.2,4.9,12.1,2.3,8.4,2.1,N,N,17.4,4.5,14.9,2.4,14.1,2.8,N,N,17.5,4.5,20.5,2.8,23.7,3.6,N,N,13.1,3.4,13.4,2.3,17.4,3.0,N,N,6.4,2.4,11.0,1.7,15.2,2.8,N,N,2.9,1.7,3.4,1.1,5.4,1.7,N,N,0.1,0.3,3.6,1.5,4.4,1.6,N,N,1.7,2.6,51735,2928,65633,3673,76264,4714,30215,3049,66198,3785,80473,4838,N,N,38499,5356,21.1,(X),(X),(X),(X),(X),(X),(X),(X),(X),22.2,(X),(X),(X),(X),(X),(X),(X),(X),(X),(X),(X),18.6,(X)
0500000US19103,19103,"Johnson County, Iowa",55807,1201,29429,1951,N,N,26378,1898,8.8,2.0,2.6,1.5,N,N,16.0,4.0,4.0,1.4,1.7,1.3,N,N,7.0,2.6,10.4,2.2,5.7,2.4,N,N,15.8,3.8,9.3,2.4,5.1,2.3,N,N,14.9,4.5,16.1,2.4,12.0,2.6,N,N,20.7,4.3,13.7,2.4,14.0,3.1,N,N,13.0,3.9,12.2,2.2,17.3,3.8,N,N,6.3,2.2,14.6,2.3,24.3,4.0,N,N,3.8,1.7,5.2,1.5,8.4,2.5,N,N,2.0,1.2,5.7,1.8,8.7,2.8,N,N,0.4,0.4,51606,3153,84636,5857,99026,6169,31850,2356,73622,4613,100993,7757,N,N,40121,3274,24.6,(X),(X),(X),(X),(X),(X),(X),(X),(X),24.1,(X),(X),(X),(X),(X),(X),(X),(X),(X),(X),(X),25.1,(X)
0500000US19113,19113,"Linn County, Iowa",87137,1502,53584,2562,41266,2508,33553,2321,5.9,1.3,2.3,1.0,0.4,0.4,12.3,3.0,4.0,1.0,1.7,0.9,0.7,0.6,8.0,2.2,8.4,1.7,4.7,2.0,2.7,1.5,15.6,3.1,12.2,1.7,9.8,2.1,6.3,2.0,17.1,3.3,13.6,1.6,12.2,2.0,11.2,2.4,16.0,2.6,19.0,2.1,20.0,2.6,19.2,2.7,14.6,2.7,15.2,1.7,18.5,2.6,22.0,2.9,9.7,2.8,14.6,1.8,20.5,2.7,24.7,3.0,4.6,2.0,4.2,0.9,6.1,1.3,7.7,1.6,1.3,1.1,2.9,0.8,4.2,1.2,5.1,1.5,0.7,0.6,56151,1942,74204,3858,85835,5785,32693,2676,70109,2757,85595,3952,N,N,43510,3829,23.4,(X),(X),(X),(X),(X),(X),(X),(X),(X),22.9,(X),(X),(X),(X),(X),(X),(X),(X),(X),(X),(X),23.7,(X)
0500000US19153,19153,"Polk County, Iowa",178026,2493,114883,3151,86420,3143,63143,3348,6.5,0.9,4.0,1.1,1.9,0.9,11.5,1.9,4.4,0.7,2.7,0.7,0.6,0.3,8.3,1.7,7.7,1.0,5.8,1.2,2.4,0.9,12.3,2.3,9.9,1.1,7.2,1.3,4.4,1.3,15.8,2.6,13.3,1.2,11.6,1.4,9.6,1.3,17.3,1.9,20.3,1.4,20.7,1.9,21.4,2.1,18.1,2.2,13.7,1.3,16.0,1.8,19.0,2.1,7.8,2.1,14.3,1.4,18.4,1.9,23.6,2.4,5.9,1.7,4.7,0.8,6.5,1.1,8.3,1.3,1.6,0.8,5.2,0.9,7.1,1.3,8.7,1.6,1.4,0.7,59328,2165,72484,2829,85835,3919,36394,2194,78810,3116,93703,4553,109171,5750,47529,3423,33.1,(X),(X),(X),(X),(X),(X),(X),(X),(X),33.6,(X),(X),(X),(X),(X),(X),(X),(X),(X),(X),(X),31.1,(X)
0500000US19155,19155,"Pottawattamie County, Iowa",36249,1074,24095,1122,16897,1223,12154,1148,5.1,1.4,2.4,1.7,0.5,0.4,11.2,3.4,6.0,1.7,3.2,1.6,1.1,1.2,13.8,4.5,10.7,2.3,8.3,1.9,5.3,1.7,17.0,4.8,12.0,2.1,9.5,2.4,7.6,2.4,16.8,5.0,15.7,2.3,16.3,2.9,10.6,2.2,15.7,4.3,21.8,2.9,23.3,3.8,25.1,4.5,16.5,5.0,12.6,2.0,15.4,2.8,20.5,3.8,3.9,2.9,10.8,1.8,14.5,2.5,19.8,3.7,3.3,2.1,2.3,0.8,3.0,1.2,3.8,1.5,0.9,0.9,3.1,1.0,4.2,1.3,5.7,1.8,0.9,1.2,50557,3022,61205,3222,74644,5106,30594,2338,64442,4497,75791,6586,N,N,38077,3954,29.1,(X),(X),(X),(X),(X),(X),(X),(X),(X),27.6,(X),(X),(X),(X),(X),(X),(X),(X),(X),(X),(X),28.9,(X)
0500000US19163,19163,"Scott County, Iowa",67314,1348,41999,1825,32026,1851,25315,1674,6.6,1.6,3.9,1.4,1.6,1.1,13.0,3.8,5.2,1.1,3.0,1.0,1.4,1.0,9.5,2.8,12.3,2.0,7.8,2.5,4.1,1.9,20.4,4.3,9.4,1.4,6.9,1.7,4.2,1.4,14.2,2.9,13.5,2.0,11.1,2.3,9.2,2.5,16.5,3.3,17.0,2.1,17.7,3.0,17.3,3.1,15.3,3.0,12.5,1.5,16.6,2.1,20.1,2.7,5.2,1.8,14.8,2.2,20.5,3.0,25.9,3.9,4.2,1.8,4.8,1.1,7.4,1.8,9.7,2.3,0.4,0.4,3.8,1.0,5.1,1.6,6.5,2.0,1.3,1.3,53884,3759,74530,4648,90442,3555,30491,2230,71542,3590,88313,5758,N,N,41001,4932,33.4,(X),(X),(X),(X),(X),(X),(X),(X),(X),33.7,(X),(X),(X),(X),(X),(X),(X),(X),(X),(X),(X),31.4,(X)
0500000US19169,19169,"Story County, Iowa",36340,814,18408,1324,N,N,17932,1480,11.2,2.8,1.7,1.6,N,N,21.1,5.2,7.2,2.4,2.2,1.7,N,N,13.2,4.7,8.9,2.0,2.5,1.8,N,N,15.4,3.7,7.7,2.5,4.5,1.7,N,N,11.7,4.7,14.7,2.8,11.4,3.2,N,N,18.4,4.7,19.1,3.7,25.0,5.8,N,N,11.6,3.7,12.3,2.9,18.5,5.0,N,N,5.8,3.1,12.7,2.4,23.3,4.6,N,N,1.6,1.4,4.1,1.4,7.3,2.7,N,N,0.8,0.8,2.1,1.0,3.7,2.0,N,N,0.4,0.6,50279,4756,77413,8234,86883,5684,25197,3894,63311,4049,90779,5989,N,N,34279,4605,26.8,(X),(X),(X),(X),(X),(X),(X),(X),(X),19.9,(X),(X),(X),(X),(X),(X),(X),(X),(X),(X),(X),33.3,(X)
0500000US19193,19193,"Woodbury County, Iowa",38812,882,25375,1412,N,N,13437,1361,7.9,2.4,6.4,3.1,N,N,14.7,5.4,6.0,2.1,2.4,1.4,N,N,14.4,5.2,10.2,1.9,6.8,2.4,N,N,17.4,4.4,12.0,2.4,10.6,2.3,N,N,17.7,4.9,18.6,2.9,17.6,3.8,N,N,16.7,4.9,19.8,3.1,23.5,3.9,N,N,9.0,3.3,11.3,2.5,14.0,3.3,N,N,5.0,3.0,11.0,2.1,14.6,2.8,N,N,4.0,2.1,1.8,1.1,2.7,1.6,N,N,0.0,0.8,1.4,0.7,1.5,1.0,N,N,1.3,1.0,45594,2088,57854,3841,65817,6660,26687,3040,58739,4833,68407,7039,N,N,36656,4548,24.9,(X),(X),(X),(X),(X),(X),(X),(X),(X),25.2,(X),(X),(X),(X),(X),(X),(X),(X),(X),(X),(X),22.4,(X)
0500000US20015,20015,"Butler County, Kansas",24308,812,17674,1044,N,N,6634,928,4.9,1.8,1.6,1.2,N,N,14.2,5.9,4.6,1.9,3.1,2.2,N,N,8.6,5.4,10.1,2.9,5.3,2.3,N,N,24.9,7.5,10.1,3.2,7.4,2.8,N,N,17.4,7.8,13.7,3.1,11.7,3.6,N,N,17.4,6.9,26.0,4.1,31.4,5.0,N,N,10.4,4.6,12.9,2.8,16.0,3.8,N,N,4.7,4.0,11.0,2.9,14.6,3.9,N,N,1.2,1.5,3.9,2.1,5.3,2.9,N,N,0.0,1.8,2.9,1.3,3.5,1.8,N,N,1.1,1.5,55647,2781,67215,4538,72139,3696,28426,7251,69979,6448,81762,8557,N,N,37451,8733,27.8,(X),(X),(X),(X),(X),(X),(X),(X),(X),25.9,(X),(X),(X),(X),(X),(X),(X),(X),(X),(X),(X),32.0,(X)
0500000US20045,20045,"Douglas County, Kansas",42470,1568,23117,1928,N,N,19353,2171,8.5,2.6,5.2,3.2,N,N,13.3,4.4,6.9,2.2,2.7,1.7,N,N,11.4,4.2,9.5,2.6,5.0,3.0,N,N,15.9,4.9,10.4,2.6,5.6,2.2,N,N,16.8,5.0,11.7,2.5,13.8,3.1,N,N,10.6,3.4,20.1,3.4,19.2,4.2,N,N,18.8,5.2,12.1,2.8,16.4,4.1,N,N,7.1,3.1,12.4,2.9,17.6,4.2,N,N,4.9,2.3,5.1,1.6,8.5,2.9,N,N,1.1,1.1,3.4,1.3,6.0,2.4,N,N,0.2,0.3,52150,4124,72805,6956,85889,5441,29091,2112,69922,5758,92550,9354,N,N,41008,3679,19.5,(X),(X),(X),(X),(X),(X),(X),(X),(X),18.0,(X),(X),(X),(X),(X),(X),(X),(X),(X),(X),(X),20.4,(X)
0500000US20091,20091,"Johnson County, Kansas",220432,1674,151590,3128,122714,2982,68842,3226,3.3,0.5,1.6,0.6,0.7,0.3,7.7,1.3,2.5,0.6,1.0,0.4,0.5,0.2,5.5,1.5,6.3,0.7,3.3,0.7,1.3,0.4,13.1,1.8,8.0,0.9,4.8,0.8,2.8,0.7,15.7,2.3,13.0,1.1,10.6,1.3,8.8,1.3,18.7,2.4,17.9,1.1,17.0,1.3,16.2,1.4,19.8,2.2,13.9,1.1,15.9,1.5,17.1,1.8,9.5,1.6,18.0,1.1,22.9,1.5,25.4,1.6,6.9,1.2,9.0,0.9,11.7,1.2,14.2,1.5,2.0,0.8,8.3,0.9,11.2,1.2,13.2,1.4,1.2,0.5,73737,1924,91596,3493,103248,2959,40942,1230,99773,4371,120212,6245,N,N,51587,2580,21.7,(X),(X),(X),(X),(X),(X),(X),(X),(X),22.4,(X),(X),(X),(X),(X),(X),(X),(X),(X),(X),(X),19.6,(X)
0500000US20103,20103,"Leavenworth County, Kansas",27311,892,19888,1353,N,N,7423,1139,6.2,2.3,5.2,2.4,N,N,12.2,5.3,4.3,1.8,1.0,0.7,N,N,13.4,5.6,6.1,1.9,4.4,2.0,N,N,14.6,5.6,8.4,2.7,6.9,3.0,N,N,13.7,4.9,13.1,3.1,12.5,3.7,N,N,12.9,5.2,17.2,3.7,16.3,4.1,N,N,17.4,6.8,18.3,3.8,20.3,5.2,N,N,11.4,5.1,16.8,3.4,21.0,4.4,N,N,2.9,2.8,5.4,2.0,7.2,2.6,N,N,0.8,1.5,4.1,1.5,5.3,2.2,N,N,0.7,1.2,68266,5839,79990,4882,82782,4801,32169,4248,77420,5199,88915,6677,N,N,41487,5568,24.2,(X),(X),(X),(X),(X),(X),(X),(X),(X),26.2,(X),(X),(X),(X),(X),(X),(X),(X),(X),(X),(X),18.7,(X)
0500000US20161,20161,"Riley County, Kansas",26776,1042,14563,1240,N,N,12213,1490,10.9,3.0,4.5,2.6,N,N,20.7,6.6,4.8,2.2,2.8,2.5,N,N,7.8,3.7,9.4,3.0,7.0,4.0,N,N,11.8,4.5,16.3,4.8,9.9,4.2,N,N,22.2,8.0,16.1,4.0,13.4,4.0,N,N,18.9,6.7,16.4,3.9,25.7,5.7,N,N,7.6,3.5,11.9,2.9,17.9,4.6,N,N,4.6,2.6,8.9,2.5,12.0,3.8,N,N,3.0,2.2,2.0,1.1,3.5,2.0,N,N,0.2,0.4,3.2,1.6,3.2,2.1,N,N,3.1,2.3,43778,5674,61094,2602,68276,7392,29242,2729,66427,9904,76620,9419,N,N,52532,16395,17.3,(X),(X),(X),(X),(X),(X),(X),(X),(X),18.7,(X),(X),(X),(X),(X),(X),(X),(X),(X),(X),(X),15.2,(X)
0500000US20173,20173,"Sedgwick County, Kansas",192654,2721,124559,2854,90948,3279,68095,3069,8.5,0.9,5.5,1.0,2.4,0.9,14.9,2.2,5.1,0.8,3.2,0.9,1.4,0.7,9.0,2.0,11.4,1.0,7.1,1.2,4.2,1.0,19.4,2.0,11.2,0.9,10.0,1.3,7.3,1.3,13.6,2.0,15.4,1.3,14.2,1.3,13.7,1.5,18.0,2.2,18.1,1.5,19.1,1.7,20.0,1.9,15.1,2.6,11.4,1.0,14.9,1.3,17.6,1.6,4.8,1.1,12.6,1.1,17.0,1.6,22.1,1.8,3.5,0.9,3.3,0.6,4.8,1.0,6.0,1.2,0.5,0.3,3.1,0.6,4.2,0.8,5.2,1.2,1.1,0.6,48361,1563,61917,1786,75920,2596,28590,2183,64459,2026,77490,2938,90188,3768,38938,2933,31.9,(X),(X),(X),(X),(X),(X),(X),(X),(X),31.4,(X),(X),(X),(X),(X),(X),(X),(X),(X),(X),(X),31.5,(X)
0500000US20177,20177,"Shawnee County, Kansas",70732,1532,44276,1742,33680,1801,26456,1952,6.5,1.2,3.1,1.4,1.5,1.0,13.2,2.5,6.3,1.5,4.3,1.7,2.1,1.4,10.0,3.0,12.2,1.7,9.0,2.2,5.3,1.7,18.4,3.2,11.5,1.9,9.5,2.2,5.6,1.7,15.1,3.5,13.2,1.7,13.4,2.3,13.2,2.6,15.3,3.0,20.3,2.3,20.5,2.5,22.8,3.1,16.8,3.7,12.1,1.5,15.0,1.9,17.3,2.2,7.0,2.5,12.3,1.7,17.0,2.4,21.6,3.1,3.8,2.0,3.6,0.9,5.4,1.3,6.9,1.7,0.3,0.4,1.8,0.6,2.8,1.0,3.6,1.3,0.1,0.1,50150,2384,60306,3110,73743,5870,31287,3441,62347,2674,75680,4041,N,N,37826,2828,27.5,(X),(X),(X),(X),(X),(X),(X),(X),(X),25.8,(X),(X),(X),(X),(X),(X),(X),(X),(X),(X),(X),29.5,(X)
0500000US20209,20209,"Wyandotte County, Kansas",57141,1478,35707,1998,20100,1622,21434,1661,11.1,1.7,8.3,2.3,2.8,1.5,18.8,2.9,6.9,1.5,4.3,1.4,1.5,1.0,12.6,2.9,14.3,2.4,12.5,2.8,6.3,2.2,18.1,4.0,14.0,2.2,13.6,2.7,10.8,2.7,13.5,3.2,16.5,2.2,15.4,2.5,17.4,3.9,17.9,4.3,17.7,2.1,20.0,2.5,23.3,3.4,12.4,3.0,10.3,2.0,13.8,2.8,19.8,4.0,3.4,1.6,6.6,1.2,8.6,1.9,12.4,3.0,2.5,1.4,2.2,0.8,2.8,1.1,4.6,2.0,0.5,0.7,0.5,0.3,0.8,0.5,1.0,0.8,0.2,0.3,38412,2534,45760,2978,58564,4110,25279,2540,48285,2257,55350,2888,N,N,32660,2672,30.1,(X),(X),(X),(X),(X),(X),(X),(X),(X),31.0,(X),(X),(X),(X),(X),(X),(X),(X),(X),(X),(X),26.3,(X)
0500000US21015,21015,"Boone County, Kentucky",45559,985,34986,1665,N,N,10573,1424,2.3,1.1,1.7,1.3,N,N,4.2,2.8,2.6,1.2,1.5,1.1,N,N,6.7,4.0,12.7,3.0,11.2,3.4,N,N,20.3,6.3,6.3,2.0,4.2,1.6,N,N,14.0,6.3,12.8,2.4,10.8,2.8,N,N,19.2,6.3,21.2,3.1,21.6,3.4,N,N,17.6,7.1,13.9,2.7,15.9,2.9,N,N,7.1,5.0,16.7,2.6,20.1,3.0,N,N,4.5,3.3,5.3,1.9,6.1,2.2,N,N,2.3,2.2,6.2,1.7,6.9,1.9,N,N,4.0,4.2,64414,3592,74009,5954,88961,7576,40634,6483,81865,4820,89733,5922,N,N,53328,9385,35.6,(X),(X),(X),(X),(X),(X),(X),(X),(X),35.1,(X),(X),(X),(X),(X),(X),(X),(X),(X),(X),(X),36.9,(X)
0500000US21029,21029,"Bullitt County, Kentucky",27796,901,20258,1248,N,N,7538,1127,3.7,1.4,2.0,1.2,N,N,8.9,4.6,3.2,1.3,1.6,1.1,N,N,8.1,4.2,11.2,3.4,5.7,2.6,N,N,25.7,10.1,9.4,3.3,7.3,2.7,N,N,16.3,9.1,14.9,3.7,12.8,3.8,N,N,21.0,8.3,21.0,3.2,27.0,3.9,N,N,9.4,4.9,17.5,3.3,20.6,4.2,N,N,6.2,3.5,15.7,3.4,19.3,4.3,N,N,2.3,2.7,1.6,1.2,1.6,1.2,N,N,1.3,2.2,1.7,1.0,1.9,1.3,N,N,0.7,1.2,60264,5721,68490,4158,79421,5503,27361,8462,66380,4297,75395,5229,N,N,36394,5619,28.7,(X),(X),(X),(X),(X),(X),(X),(X),(X),26.4,(X),(X),(X),(X),(X),(X),(X),(X),(X),(X),(X),33.8,(X)
0500000US21037,21037,"Campbell County, Kentucky",34947,1460,22272,1503,N,N,12675,1311,7.4,2.4,5.3,2.2,N,N,13.1,5.2,6.4,1.7,2.9,1.5,N,N,11.7,4.0,9.6,1.8,6.4,2.0,N,N,16.3,4.3,8.5,2.0,7.3,2.3,N,N,11.6,3.7,14.1,2.6,12.5,3.1,N,N,17.3,5.1,17.3,2.9,19.1,3.3,N,N,15.0,4.5,15.9,2.4,18.4,3.0,N,N,7.7,5.0,11.7,2.3,15.7,3.0,N,N,4.8,3.7,5.1,1.3,6.9,1.9,N,N,1.4,1.6,4.0,1.6,5.6,2.4,N,N,1.2,1.4,53323,2571,70043,7129,90382,3736,32016,5026,69749,4346,83758,5900,N,N,42663,5715,32.1,(X),(X),(X),(X),(X),(X),(X),(X),(X),31.1,(X),(X),(X),(X),(X),(X),(X),(X),(X),(X),(X),33.3,(X)
0500000US21047,21047,"Christian County, Kentucky",24344,1455,16690,1470,N,N,7654,1329,10.4,2.6,5.5,2.6,N,N,21.2,6.4,5.3,1.7,2.6,1.8,N,N,11.7,4.3,11.5,3.1,10.2,3.8,N,N,15.6,5.8,11.0,2.5,10.2,3.4,N,N,11.1,4.4,17.1,3.6,17.3,3.9,N,N,18.6,7.7,20.1,3.9,21.6,4.3,N,N,16.3,7.0,8.6,2.6,10.8,3.4,N,N,1.8,2.2,8.9,2.9,12.3,4.0,N,N,1.6,1.6,2.7,1.5,3.7,2.1,N,N,0.6,1.1,4.4,2.4,5.8,3.4,N,N,1.3,2.1,45206,5471,52272,6017,64829,6250,26423,7314,68231,14083,83939,19728,N,N,32615,4944,40.5,(X),(X),(X),(X),(X),(X),(X),(X),(X),44.7,(X),(X),(X),(X),(X),(X),(X),(X),(X),(X),(X),31.4,(X)
0500000US21059,21059,"Daviess County, Kentucky",38210,1038,25917,1636,N,N,12293,1357,6.3,2.0,6.5,2.7,N,N,10.7,4.3,6.8,1.8,4.2,1.4,N,N,12.4,4.9,11.9,2.7,8.1,2.6,N,N,20.4,5.9,10.7,2.3,9.1,2.5,N,N,14.7,4.4,16.8,2.8,14.3,3.3,N,N,20.9,5.6,20.3,3.5,22.1,4.2,N,N,14.2,4.6,10.9,2.2,14.0,2.7,N,N,4.4,2.5,11.4,2.5,15.3,3.2,N,N,1.0,1.0,1.7,0.8,2.3,1.2,N,N,0.5,0.7,3.0,1.6,4.1,2.3,N,N,0.8,1.0,47252,3165,59151,3748,65271,7623,27280,6550,60725,4088,70292,5551,N,N,36654,4345,27.7,(X),(X),(X),(X),(X),(X),(X),(X),(X),26.5,(X),(X),(X),(X),(X),(X),(X),(X),(X),(X),(X),25.5,(X)
0500000US21067,21067,"Fayette County, Kentucky",125138,2330,72746,2960,52384,2620,52392,3074,10.4,1.2,5.7,1.4,1.4,0.7,17.8,2.4,5.6,1.1,3.5,1.1,1.5,0.9,9.0,2.1,11.0,1.5,7.6,1.7,3.1,1.0,15.7,2.5,10.1,1.4,7.4,1.7,5.9,1.6,13.5,2.3,14.3,1.5,14.5,1.8,13.1,2.1,15.1,2.5,17.0,1.7,17.7,2.2,19.1,2.6,15.0,2.4,11.0,1.4,13.9,2.0,17.3,2.4,6.5,1.7,11.9,1.2,17.1,1.9,22.5,2.4,4.2,1.1,4.0,0.7,6.0,1.1,7.5,1.4,1.2,0.7,4.7,0.9,6.5,1.2,8.7,1.6,2.0,1.2,47535,2510,66148,3225,81910,4227,30763,1946,69482,3208,87209,4634,104831,5829,43342,4104,22.9,(X),(X),(X),(X),(X),(X),(X),(X),(X),21.1,(X),(X),(X),(X),(X),(X),(X),(X),(X),(X),(X),24.2,(X)
0500000US21093,21093,"Hardin County, Kentucky",41187,1438,27347,2050,N,N,13840,2038,7.7,2.2,5.0,1.9,N,N,13.8,4.8,4.6,2.0,1.3,1.1,N,N,11.2,5.2,9.7,2.8,6.8,2.9,N,N,16.4,6.4,14.9,3.0,14.8,4.0,N,N,18.4,5.6,15.4,3.2,14.4,3.9,N,N,16.6,6.4,17.8,3.3,20.4,4.4,N,N,11.2,4.1,13.7,2.8,17.2,3.7,N,N,5.6,3.2,10.7,2.1,12.4,3.0,N,N,5.1,3.4,3.9,1.6,5.0,2.0,N,N,1.7,2.5,1.7,0.9,2.6,1.4,N,N,0.0,1.1,48035,3355,61489,6008,71503,4486,28236,3219,61404,4923,71864,7066,N,N,37641,5237,26.5,(X),(X),(X),(X),(X),(X),(X),(X),(X),21.2,(X),(X),(X),(X),(X),(X),(X),(X),(X),(X),(X),36.4,(X)
0500000US21111,21111,"Jefferson County, Kentucky",309533,2892,186688,4036,125681,3839,122845,4038,7.9,0.7,4.1,0.6,1.6,0.5,14.2,1.4,6.5,0.7,3.7,0.8,1.3,0.4,11.1,1.4,11.6,1.0,8.6,1.1,4.0,0.7,17.3,1.8,11.2,1.0,9.3,1.0,6.8,1.0,14.2,1.7,14.6,1.0,13.4,1.2,11.3,1.3,16.8,1.5,17.7,1.0,19.2,1.3,20.5,1.8,14.8,1.5,11.5,0.9,15.5,1.3,19.0,1.6,5.3,0.8,11.2,0.8,15.4,1.3,20.4,1.6,4.2,0.8,3.5,0.5,4.9,0.8,7.1,1.2,0.9,0.4,4.1,0.5,6.0,0.6,8.0,0.9,1.3,0.5,47488,1371,62042,1821,80131,1595,30005,1611,68340,2683,83070,2322,99820,2536,44036,5868,29.3,(X),(X),(X),(X),(X),(X),(X),(X),(X),29.2,(X),(X),(X),(X),(X),(X),(X),(X),(X),(X),(X),28.5,(X)
0500000US21117,21117,"Kenton County, Kentucky",61930,1554,40946,2018,29536,1782,20984,1892,6.5,1.7,4.4,2.1,2.0,1.5,12.0,3.2,5.7,1.7,3.3,2.0,0.5,0.6,11.3,3.4,9.7,1.6,7.1,2.1,4.2,1.8,15.2,3.5,9.7,1.7,7.5,2.1,5.6,1.9,14.4,3.1,15.2,2.2,14.2,2.4,14.4,2.7,16.1,3.9,20.9,2.4,23.2,3.2,25.3,3.7,16.1,3.7,12.8,2.2,15.4,2.7,16.8,3.4,8.5,3.4,12.4,2.1,14.5,2.8,17.5,3.4,5.8,2.3,3.2,1.2,4.6,1.9,5.9,2.3,0.4,0.5,3.8,1.1,5.7,1.7,7.9,2.2,0.2,0.3,53761,2590,63846,3798,71757,6133,31925,3119,67972,3773,80374,5928,N,N,41061,3221,33.3,(X),(X),(X),(X),(X),(X),(X),(X),(X),36.0,(X),(X),(X),(X),(X),(X),(X),(X),(X),(X),(X),26.3,(X)
0500000US21145,21145,"McCracken County, Kentucky",25886,1469,15617,1571,N,N,10269,1262,13.3,3.2,8.2,3.3,N,N,21.5,6.1,6.1,2.1,5.9,3.0,N,N,10.5,4.2,13.5,2.8,8.7,2.8,N,N,20.8,5.8,6.9,2.0,7.1,2.7,N,N,6.0,3.3,18.3,3.4,16.8,3.8,N,N,17.2,5.3,20.8,3.8,23.4,4.9,N,N,16.5,5.6,6.8,2.5,7.7,3.1,N,N,5.5,3.8,8.2,2.5,12.2,4.1,N,N,2.1,1.9,3.7,2.0,6.1,3.2,N,N,0.0,1.4,2.4,1.4,4.0,2.4,N,N,0.0,1.4,41209,3773,52276,3775,65012,6472,23814,4188,56883,6066,72465,9105,N,N,32012,3701,30.0,(X),(X),(X),(X),(X),(X),(X),(X),(X),31.4,(X),(X),(X),(X),(X),(X),(X),(X),(X),(X),(X),27.5,(X)
0500000US21151,21151,"Madison County, Kentucky",32298,1006,21710,1537,N,N,10588,1457,10.4,2.3,7.1,2.6,N,N,17.6,6.5,5.3,1.7,2.6,1.7,N,N,12.3,4.2,11.7,3.0,8.6,2.8,N,N,18.4,6.7,10.7,2.8,9.6,3.6,N,N,11.1,4.3,16.9,3.0,16.3,3.4,N,N,18.3,6.9,19.9,3.5,21.6,4.1,N,N,16.2,6.4,10.3,2.6,13.5,3.3,N,N,4.5,3.0,8.4,2.3,11.9,3.1,N,N,1.6,1.8,4.0,1.5,5.3,2.3,N,N,0.0,1.4,2.3,1.0,3.5,1.4,N,N,0.0,1.4,45316,3695,55873,5660,64771,4779,26844,5930,58401,3316,70056,4520,N,N,32244,4091,29.9,(X),(X),(X),(X),(X),(X),(X),(X),(X),28.7,(X),(X),(X),(X),(X),(X),(X),(X),(X),(X),(X),30.3,(X)
0500000US21195,21195,"Pike County, Kentucky",25658,1154,16664,1481,N,N,8994,1154,14.4,3.8,7.6,3.0,N,N,27.4,8.2,10.9,2.9,6.5,2.7,N,N,18.7,6.6,14.0,3.4,12.4,3.8,N,N,17.0,5.6,11.6,3.2,12.3,4.5,N,N,11.3,5.0,12.0,3.0,13.3,3.8,N,N,9.2,5.9,17.6,3.4,21.4,4.4,N,N,10.5,5.1,8.9,2.2,12.0,3.1,N,N,2.9,2.6,7.7,2.2,10.1,3.0,N,N,3.2,3.3,1.3,0.8,2.0,1.2,N,N,0.0,1.6,1.6,1.1,2.5,1.7,N,N,0.0,1.6,34373,3584,44711,7851,55659,6156,16243,3416,47623,4085,58458,5743,N,N,27086,5042,41.0,(X),(X),(X),(X),(X),(X),(X),(X),(X),40.0,(X),(X),(X),(X),(X),(X),(X),(X),(X),(X),(X),42.4,(X)
0500000US21227,21227,"Warren County, Kentucky",45541,1778,29878,2089,N,N,15663,1736,7.5,2.2,3.1,1.6,N,N,17.6,5.5,6.6,2.2,6.2,2.7,N,N,9.8,4.1,10.4,2.5,7.0,2.3,N,N,16.1,4.8,10.0,2.3,8.7,2.8,N,N,11.6,4.1,17.3,3.1,15.4,3.9,N,N,19.3,5.1,18.5,3.0,21.9,3.7,N,N,14.3,5.1,13.0,2.5,16.2,3.5,N,N,6.8,5.0,10.7,2.4,14.1,3.6,N,N,2.4,2.0,2.6,1.3,3.0,1.5,N,N,0.9,1.2,3.4,1.5,4.6,2.0,N,N,1.3,1.6,48783,2122,60846,5375,69225,6253,30282,6413,62207,3628,72792,4741,N,N,38645,6042,22.4,(X),(X),(X),(X),(X),(X),(X),(X),(X),18.8,(X),(X),(X),(X),(X),(X),(X),(X),(X),(X),(X),28.0,(X)
0500000US22005,22005,"Ascension Parish, Louisiana",40762,842,32778,1413,N,N,7984,1408,4.5,1.9,5.7,2.3,N,N,4.6,3.7,3.4,1.5,2.2,1.4,N,N,8.3,5.4,7.5,2.3,4.6,2.0,N,N,17.5,7.9,8.2,2.9,6.8,3.0,N,N,18.5,8.2,11.0,2.9,12.2,3.3,N,N,13.1,6.7,15.0,2.8,13.1,3.2,N,N,15.8,6.6,14.5,3.4,15.0,4.0,N,N,9.9,6.8,25.4,4.4,28.4,4.9,N,N,9.0,5.7,7.7,2.6,8.7,3.1,N,N,3.4,3.3,2.7,1.3,3.3,1.6,N,N,0.0,2.1,75308,8085,83897,9098,102228,5753,35677,6070,80560,5027,85746,5585,N,N,49764,7545,26.5,(X),(X),(X),(X),(X),(X),(X),(X),(X),27.3,(X),(X),(X),(X),(X),(X),(X),(X),(X),(X),(X),20.2,(X)
0500000US22015,22015,"Bossier Parish, Louisiana",47151,1749,31124,2455,N,N,16027,2162,7.9,2.2,6.2,2.5,N,N,11.3,3.7,5.4,2.0,3.7,1.9,N,N,10.4,4.9,11.2,2.1,7.9,2.8,N,N,19.9,5.0,9.9,2.6,7.1,2.3,N,N,14.2,5.3,13.2,2.8,10.6,2.9,N,N,17.8,5.6,18.4,3.0,20.5,4.0,N,N,14.2,5.0,13.4,2.7,16.1,3.2,N,N,7.3,3.8,10.3,2.5,13.8,3.4,N,N,2.3,1.8,5.7,1.7,8.0,2.6,N,N,0.7,0.8,4.6,1.7,6.0,2.2,N,N,1.9,2.8,51796,3249,66388,4467,81708,6448,29245,6287,69591,5096,82120,6152,N,N,42498,9561,29.9,(X),(X),(X),(X),(X),(X),(X),(X),(X),30.9,(X),(X),(X),(X),(X),(X),(X),(X),(X),(X),(X),25.0,(X)
0500000US22017,22017,"Caddo Parish, Louisiana",98570,2133,60198,2917,35846,2421,38372,2625,11.6,1.6,9.3,1.8,1.1,0.8,16.2,3.0,6.7,1.4,4.2,1.5,1.8,0.9,11.0,2.6,13.9,1.9,11.8,2.3,6.8,2.1,18.6,3.3,13.3,1.9,10.9,2.2,9.8,2.6,16.4,3.5,12.3,1.4,11.1,2.0,10.9,2.7,14.1,2.4,17.1,2.0,18.5,2.8,20.7,3.8,13.2,3.0,11.5,1.7,15.7,2.7,20.6,3.8,5.4,2.0,7.6,1.1,10.4,1.9,15.9,2.9,3.2,1.3,3.5,1.0,4.7,1.5,7.7,2.4,0.8,0.7,2.5,0.6,3.3,1.0,4.7,1.5,1.2,0.9,39683,2325,53291,3449,73652,5846,26523,1488,58601,3230,70691,4975,90040,7330,37209,3280,46.6,(X),(X),(X),(X),(X),(X),(X),(X),(X),47.6,(X),(X),(X),(X),(X),(X),(X),(X),(X),(X),(X),43.1,(X)
0500000US22019,22019,"Calcasieu Parish, Louisiana",76601,1567,50374,2293,32936,2250,26227,2117,8.5,1.9,5.4,1.9,2.0,1.5,15.3,4.2,6.4,1.4,2.7,1.3,0.6,0.6,13.4,3.5,14.5,2.4,14.6,2.8,5.8,2.1,19.6,4.4,11.8,2.1,10.0,2.3,7.8,2.1,15.6,4.4,14.6,2.1,13.7,2.5,12.2,2.7,14.3,3.9,16.9,2.8,18.0,3.2,21.1,3.8,12.8,3.4,9.1,1.6,10.3,2.1,14.6,3.1,5.4,2.2,11.9,1.8,16.2,2.5,22.5,3.7,2.9,1.6,3.2,1.2,4.8,1.8,7.0,2.6,0.3,0.4,3.0,1.0,4.3,1.5,6.4,2.1,0.4,0.5,42625,4020,52165,2838,75569,6787,25658,2195,61884,4024,74168,5716,N,N,34040,3101,41.5,(X),(X),(X),(X),(X),(X),(X),(X),(X),42.8,(X),(X),(X),(X),(X),(X),(X),(X),(X),(X),(X),36.1,(X)
0500000US22033,22033,"East Baton Rouge Parish, Louisiana",168824,2617,102999,3024,64293,2919,65825,3496,11.1,1.3,7.4,1.5,1.6,1.0,18.3,2.4,5.4,0.9,3.7,1.0,1.3,0.8,8.6,2.1,10.7,1.4,8.4,1.5,4.1,1.4,14.1,2.5,9.1,1.3,8.5,1.7,5.9,1.6,10.4,1.9,14.7,1.4,13.6,1.9,13.6,2.5,16.2,2.8,15.5,1.5,15.7,1.6,16.9,2.3,15.3,2.4,11.0,1.4,14.0,1.9,15.6,2.7,5.8,1.8,13.3,1.3,16.0,1.9,22.9,2.5,8.0,1.8,4.2,0.8,5.9,1.2,8.5,1.8,1.4,0.8,5.0,0.9,6.8,1.3,9.7,1.9,2.1,1.1,48463,2797,62498,3637,86630,3938,33345,3698,72965,3747,87886,5193,111940,7333,47204,4027,41.6,(X),(X),(X),(X),(X),(X),(X),(X),(X),42.0,(X),(X),(X),(X),(X),(X),(X),(X),(X),(X),(X),40.0,(X)
0500000US22045,22045,"Iberia Parish, Louisiana",26536,1099,18291,1457,N,N,8245,1145,11.1,3.8,7.8,4.4,N,N,19.1,7.2,4.6,1.9,1.5,1.3,N,N,11.9,5.7,13.9,3.4,10.3,2.8,N,N,22.9,8.3,13.6,4.0,12.7,4.6,N,N,17.9,6.9,15.4,3.3,19.1,4.2,N,N,8.5,4.4,15.5,3.9,17.8,5.1,N,N,10.8,5.5,9.0,2.6,9.7,3.4,N,N,4.3,3.5,11.5,2.8,13.4,3.9,N,N,4.0,3.1,2.7,1.8,3.6,2.6,N,N,0.5,0.9,2.8,1.7,4.1,2.5,N,N,0.0,2.0,39793,4554,47866,6494,65719,6899,22893,4871,62613,10236,74087,14924,N,N,31792,5212,32.5,(X),(X),(X),(X),(X),(X),(X),(X),(X),31.4,(X),(X),(X),(X),(X),(X),(X),(X),(X),(X),(X),34.7,(X)
0500000US22051,22051,"Jefferson Parish, Louisiana",167442,2792,104121,3206,65508,3303,63321,2958,8.3,1.2,5.9,1.2,1.7,0.8,13.8,2.4,7.2,1.0,4.7,1.1,2.5,1.0,12.3,2.3,11.4,1.1,9.0,1.3,3.9,1.0,16.4,2.0,11.1,1.3,9.4,1.4,7.1,1.5,12.8,2.1,14.6,1.5,12.9,1.6,13.2,2.2,17.3,2.6,17.4,1.4,18.9,1.9,19.7,2.7,14.3,2.1,10.8,1.2,13.9,1.8,16.0,2.2,5.8,1.5,11.2,1.1,14.7,1.4,20.3,2.0,4.2,1.0,3.9,0.6,5.1,0.9,7.7,1.3,1.5,0.7,4.2,0.7,5.6,1.0,8.0,1.5,1.7,0.9,46576,1704,60216,2659,77431,4253,30603,1520,66673,2616,79520,3885,98291,5418,42711,3298,37.5,(X),(X),(X),(X),(X),(X),(X),(X),(X),39.3,(X),(X),(X),(X),(X),(X),(X),(X),(X),(X),(X),32.7,(X)
0500000US22055,22055,"Lafayette Parish, Louisiana",88453,1872,56623,2412,38811,2354,31830,2420,8.9,1.7,6.7,2.0,0.7,0.6,15.3,3.6,6.6,1.3,3.5,1.3,2.3,1.6,12.2,2.8,10.1,1.6,6.2,1.6,3.1,1.5,17.0,3.7,7.8,1.5,6.3,1.6,4.1,1.8,9.2,2.8,11.4,1.8,10.9,2.3,5.9,1.8,13.9,3.3,15.8,2.4,16.9,3.1,19.5,3.8,13.2,3.5,15.0,2.2,18.3,3.2,23.5,4.3,7.8,2.6,14.1,2.1,17.0,2.7,22.3,3.8,8.2,4.0,5.1,1.1,7.0,1.5,8.7,2.1,1.6,1.1,5.2,1.4,7.0,1.9,9.9,2.7,1.4,1.2,57949,6015,73790,5785,89092,3767,30372,6065,73509,4015,88199,5651,N,N,43817,4265,24.6,(X),(X),(X),(X),(X),(X),(X),(X),(X),25.8,(X),(X),(X),(X),(X),(X),(X),(X),(X),(X),(X),22.1,(X)
0500000US22057,22057,"Lafourche Parish, Louisiana",34469,1177,24494,1505,N,N,9975,1424,8.5,2.3,6.0,2.1,N,N,18.8,6.6,6.8,2.3,3.4,1.6,N,N,14.6,6.4,11.8,3.1,9.3,3.2,N,N,20.8,7.2,8.5,2.2,8.5,2.6,N,N,9.7,5.3,11.3,2.3,10.5,2.8,N,N,9.9,4.0,17.4,3.2,18.6,4.2,N,N,14.0,5.1,15.5,3.6,19.1,4.6,N,N,6.0,4.0,12.5,2.8,14.8,3.4,N,N,4.1,2.8,5.9,1.9,7.7,2.6,N,N,1.1,1.9,1.8,0.8,2.2,1.1,N,N,1.0,1.2,52373,7257,70076,6526,81476,4276,22478,3653,64889,3558,74886,4254,N,N,35785,5136,34.1,(X),(X),(X),(X),(X),(X),(X),(X),(X),31.9,(X),(X),(X),(X),(X),(X),(X),(X),(X),(X),(X),37.0,(X)
0500000US22063,22063,"Livingston Parish, Louisiana",47465,1722,34552,2521,N,N,12913,1845,8.7,2.4,4.4,2.0,N,N,20.9,6.8,5.8,1.9,3.6,2.1,N,N,11.6,4.9,8.4,2.2,7.5,2.8,N,N,12.1,4.3,11.5,2.9,12.9,3.4,N,N,9.0,3.9,11.3,2.9,9.7,3.6,N,N,15.0,7.6,21.5,3.7,22.0,4.5,N,N,20.0,7.0,11.4,3.1,14.2,4.0,N,N,2.2,2.0,15.4,3.1,18.1,3.5,N,N,7.2,5.3,3.3,1.4,4.4,1.9,N,N,0.2,0.3,2.8,1.2,3.2,1.5,N,N,1.8,2.3,52246,3751,60637,3200,69627,12909,30977,6654,67922,4871,75431,7298,N,N,45330,12474,31.7,(X),(X),(X),(X),(X),(X),(X),(X),(X),32.8,(X),(X),(X),(X),(X),(X),(X),(X),(X),(X),(X),22.8,(X)
0500000US22071,22071,"Orleans Parish, Louisiana",158354,2391,79743,2743,42457,2402,78611,2614,16.0,1.2,11.4,1.5,3.6,1.2,21.5,1.9,7.8,0.9,5.9,1.1,1.7,0.7,10.0,1.4,14.4,1.2,12.6,1.5,5.8,1.3,16.6,1.8,10.0,1.0,8.9,1.3,6.5,1.6,11.0,1.5,12.3,1.1,12.2,1.8,11.5,2.6,12.6,1.4,14.4,1.4,16.2,1.7,18.4,2.1,12.0,1.9,8.3,0.9,9.4,1.2,14.6,2.1,6.8,1.5,9.1,1.0,11.9,1.5,18.0,2.3,5.8,1.1,3.2,0.5,4.6,0.9,7.8,1.6,1.8,0.5,4.5,0.7,6.9,1.1,12.2,2.1,2.0,0.6,36631,1524,48552,3121,80470,6182,26270,1682,61241,2928,75183,3258,109688,5617,45571,4803,38.5,(X),(X),(X),(X),(X),(X),(X),(X),(X),44.0,(X),(X),(X),(X),(X),(X),(X),(X),(X),(X),(X),32.1,(X)
0500000US22073,22073,"Ouachita Parish, Louisiana",56477,2103,38410,2365,24910,1994,18067,2020,13.9,2.5,10.7,2.5,1.2,1.1,20.7,4.6,9.2,2.1,5.3,2.3,1.4,1.0,18.7,4.2,13.1,2.0,10.6,2.1,6.1,2.1,20.9,4.1,9.8,1.9,8.9,2.2,6.7,2.4,9.4,3.3,10.9,2.0,12.4,2.5,12.4,3.1,9.0,3.7,16.7,2.8,17.7,3.0,21.5,3.9,13.6,4.3,10.9,2.0,13.8,2.6,20.5,4.0,3.9,2.6,9.0,1.7,11.6,2.5,17.2,3.5,2.9,1.9,2.3,0.9,3.2,1.3,4.6,2.0,0.4,0.6,4.1,1.4,5.8,2.1,8.3,3.1,0.5,0.6,40473,2900,51751,3943,75577,4975,20665,1967,57216,3660,68777,5360,N,N,30833,3113,25.1,(X),(X),(X),(X),(X),(X),(X),(X),(X),27.3,(X),(X),(X),(X),(X),(X),(X),(X),(X),(X),(X),18.9,(X)
0500000US22079,22079,"Rapides Parish, Louisiana",48074,1647,30079,1948,N,N,17995,1883,11.3,2.3,6.8,1.9,N,N,19.1,4.8,6.3,2.1,4.3,2.3,N,N,10.0,3.5,14.2,2.6,10.1,2.6,N,N,20.9,5.2,13.4,2.5,12.7,3.3,N,N,15.5,4.9,14.4,2.1,14.7,3.0,N,N,13.4,4.3,16.5,3.0,16.6,3.2,N,N,15.6,5.0,7.9,1.8,10.5,2.9,N,N,3.6,1.8,10.0,2.3,16.0,3.5,N,N,0.5,0.7,3.2,0.9,3.7,1.2,N,N,1.3,1.0,2.9,1.1,4.7,1.8,N,N,0.0,0.9,39331,3824,51787,7267,73706,5849,24987,4756,57957,4448,72849,6606,N,N,31873,2438,30.0,(X),(X),(X),(X),(X),(X),(X),(X),(X),29.7,(X),(X),(X),(X),(X),(X),(X),(X),(X),(X),(X),29.6,(X)
0500000US22097,22097,"St. Landry Parish, Louisiana",31698,1005,22579,1389,N,N,9119,1201,17.9,3.8,13.5,4.1,N,N,30.0,7.7,7.8,2.2,5.2,2.1,N,N,17.5,5.1,18.1,4.0,17.2,4.6,N,N,20.8,7.4,8.5,2.0,7.3,2.4,N,N,12.0,4.9,11.8,3.1,13.6,4.0,N,N,4.2,2.3,15.1,3.1,16.8,3.7,N,N,9.1,4.7,9.1,2.9,10.9,3.8,N,N,4.2,3.3,7.4,2.2,10.3,3.0,N,N,0.3,0.4,2.4,1.0,2.6,1.2,N,N,1.9,1.7,1.9,1.1,2.7,1.5,N,N,0.0,1.8,31955,4905,43864,4132,58796,5365,15733,1957,47940,4178,55881,4783,N,N,25938,3902,48.1,(X),(X),(X),(X),(X),(X),(X),(X),(X),48.8,(X),(X),(X),(X),(X),(X),(X),(X),(X),(X),(X),45.1,(X)
0500000US22103,22103,"St. Tammany Parish, Louisiana",88248,2067,64962,2349,48089,2680,23286,2380,6.2,1.3,3.5,1.2,1.0,0.5,14.6,3.7,3.5,1.0,2.6,1.0,1.2,0.8,7.2,2.5,9.7,1.7,6.9,1.8,4.2,1.5,17.1,4.1,10.0,2.0,7.8,2.0,5.7,2.2,15.8,4.0,12.2,1.7,11.2,2.1,9.9,2.1,14.7,3.8,17.7,2.0,19.4,2.7,19.7,3.2,13.3,3.6,12.7,1.5,14.8,1.8,16.2,2.2,7.1,2.9,14.3,1.9,17.1,2.4,20.8,3.1,5.2,2.9,6.6,1.5,8.3,1.9,10.3,2.3,2.6,2.1,7.0,1.5,8.4,1.9,11.0,2.6,2.3,1.7,61280,3920,72478,4545,87440,6428,31569,2882,82425,4793,93878,5821,N,N,47942,6989,32.5,(X),(X),(X),(X),(X),(X),(X),(X),(X),32.9,(X),(X),(X),(X),(X),(X),(X),(X),(X),(X),(X),30.5,(X)
0500000US22105,22105,"Tangipahoa Parish, Louisiana",46039,1352,29822,1666,N,N,16217,1728,10.4,2.6,5.8,2.4,N,N,21.8,6.0,8.5,2.4,8.8,3.2,N,N,12.1,5.0,13.0,2.8,8.4,2.8,N,N,18.3,5.8,12.1,2.1,14.7,3.6,N,N,8.9,3.7,9.8,2.4,8.7,2.6,N,N,7.7,3.8,19.5,3.8,21.8,4.5,N,N,15.2,5.3,12.0,2.4,12.7,3.2,N,N,9.2,4.5,9.2,2.5,12.9,3.5,N,N,2.8,2.9,3.2,1.5,2.6,1.3,N,N,4.0,3.4,2.3,1.5,3.6,2.3,N,N,0.0,1.0,44166,6891,53104,4430,65318,6392,23572,4862,56206,4658,64001,5715,N,N,39309,6606,29.9,(X),(X),(X),(X),(X),(X),(X),(X),(X),31.5,(X),(X),(X),(X),(X),(X),(X),(X),(X),(X),(X),23.9,(X)
0500000US22109,22109,"Terrebonne Parish, Louisiana",38949,1600,28313,1894,N,N,10636,1286,6.5,2.0,4.3,2.2,N,N,14.6,6.1,3.5,1.4,1.8,1.1,N,N,8.2,4.1,11.5,2.2,7.9,2.4,N,N,21.6,5.3,7.3,2.0,7.5,2.4,N,N,7.2,3.5,18.4,3.1,20.7,3.7,N,N,18.5,6.5,19.8,3.7,19.0,3.8,N,N,19.1,7.0,13.0,3.4,14.5,3.7,N,N,4.5,3.6,12.5,2.6,14.3,3.3,N,N,5.8,4.6,2.7,1.2,3.8,1.7,N,N,0.0,1.6,4.6,1.9,6.2,2.7,N,N,0.5,0.8,55148,6688,60141,5212,71526,7907,31792,9310,68128,5072,76587,6843,N,N,40439,6210,37.4,(X),(X),(X),(X),(X),(X),(X),(X),(X),39.0,(X),(X),(X),(X),(X),(X),(X),(X),(X),(X),(X),30.3,(X)
0500000US23001,23001,"Androscoggin County, Maine",43736,1325,25970,1625,N,N,17766,1727,8.7,2.1,4.8,2.7,N,N,16.6,4.6,7.0,1.9,3.9,1.6,N,N,12.5,4.2,12.2,2.9,10.1,3.2,N,N,15.8,4.0,11.2,2.5,10.4,3.1,N,N,15.1,4.8,15.7,2.6,14.6,3.2,N,N,16.3,4.2,22.0,2.6,25.6,3.6,N,N,15.0,4.3,12.2,2.3,15.3,3.4,N,N,5.3,2.4,7.1,1.7,10.5,2.4,N,N,1.8,1.3,2.0,0.9,2.5,1.4,N,N,0.4,0.7,1.8,0.7,2.2,1.2,N,N,1.2,1.0,44127,3784,55314,3900,67266,2480,28554,3930,55709,4102,66623,7085,N,N,35618,3484,20.8,(X),(X),(X),(X),(X),(X),(X),(X),(X),21.0,(X),(X),(X),(X),(X),(X),(X),(X),(X),(X),(X),19.1,(X)
0500000US23003,23003,"Aroostook County, Maine",30097,960,18126,1100,14835,1057,11971,1034,11.6,2.5,4.7,2.2,2.0,1.1,23.6,5.7,9.0,2.3,3.0,1.3,1.9,1.1,18.3,5.6,13.1,2.4,10.5,2.8,8.9,2.6,18.7,4.3,13.7,2.4,12.4,2.7,11.8,2.9,14.7,3.5,16.2,2.3,19.6,3.5,19.4,3.7,10.0,2.8,18.3,2.1,23.9,3.3,25.2,3.6,9.5,3.1,8.5,1.8,13.1,2.6,15.5,3.3,1.4,1.2,6.9,1.8,10.0,2.6,11.7,3.0,1.9,1.4,1.3,0.7,2.0,1.0,2.4,1.3,0.2,0.4,1.2,0.9,1.0,0.9,1.2,1.1,1.6,1.8,36825,2313,49899,4142,54859,4640,17361,2298,47254,2916,58519,4077,N,N,29090,3884,26.4,(X),(X),(X),(X),(X),(X),(X),(X),(X),26.0,(X),(X),(X),(X),(X),(X),(X),(X),(X),(X),(X),25.8,(X)
0500000US23005,23005,"Cumberland County, Maine",116017,2400,71846,2878,55815,2471,44171,2789,6.9,1.2,4.3,1.2,0.8,0.6,12.5,2.7,5.7,0.9,2.5,1.0,1.5,0.7,11.5,2.1,10.0,1.5,6.1,1.5,4.0,1.1,17.0,3.1,9.2,1.3,6.9,1.7,5.4,1.6,12.4,2.4,13.7,1.8,13.7,2.4,12.2,2.3,14.2,2.7,17.1,1.9,16.9,2.5,17.3,2.8,16.9,2.5,12.6,1.3,16.1,1.8,17.9,2.1,7.2,1.6,15.0,1.4,20.2,1.7,24.0,2.4,4.5,1.3,4.5,1.0,5.9,1.4,7.3,1.7,2.3,1.2,5.3,0.9,7.6,1.4,9.6,1.8,1.6,1.1,54780,2675,74592,3850,85697,3256,31684,2644,75558,2744,91790,4038,N,N,46469,4114,27.2,(X),(X),(X),(X),(X),(X),(X),(X),(X),28.3,(X),(X),(X),(X),(X),(X),(X),(X),(X),(X),(X),23.7,(X)
0500000US23011,23011,"Kennebec County, Maine",50670,1519,32138,1778,N,N,18532,1752,8.6,1.9,5.5,1.8,N,N,15.4,4.5,8.0,1.9,3.2,1.7,N,N,16.7,4.1,11.1,2.4,6.4,2.2,N,N,19.5,5.1,12.6,2.5,12.8,3.3,N,N,14.4,4.1,15.8,2.4,15.2,2.6,N,N,14.2,3.9,19.0,2.5,24.3,3.6,N,N,9.3,2.9,12.2,2.1,15.1,2.7,N,N,6.3,2.5,8.8,1.5,11.7,2.2,N,N,3.2,1.6,3.0,1.0,4.6,1.5,N,N,0.4,0.5,0.9,0.5,1.1,0.8,N,N,0.5,0.6,44724,3473,57678,7533,64755,2650,23763,3358,54773,2686,65651,3833,N,N,33489,3140,24.0,(X),(X),(X),(X),(X),(X),(X),(X),(X),23.6,(X),(X),(X),(X),(X),(X),(X),(X),(X),(X),(X),23.2,(X)
0500000US23019,23019,"Penobscot County, Maine",62039,1704,38656,2017,29332,1776,23383,2196,8.3,1.6,3.8,1.4,1.4,0.8,16.4,3.4,5.4,1.1,2.6,1.2,1.8,1.1,10.2,2.6,14.5,2.1,11.8,2.5,7.1,2.2,21.7,4.1,13.7,2.1,12.9,2.5,9.9,2.2,15.6,3.9,14.7,1.9,14.7,2.4,16.0,2.8,13.9,3.8,20.6,1.9,21.3,2.6,24.0,2.9,18.1,3.2,9.2,1.6,12.7,2.3,14.9,2.8,2.7,1.3,8.0,1.6,12.1,2.3,15.2,3.0,0.7,0.7,2.9,1.1,4.6,1.8,5.8,2.4,0.0,0.5,2.6,1.1,3.5,1.6,3.9,1.9,0.8,0.9,43598,2656,54796,4162,63332,4253,26025,2675,59874,4838,73271,7272,N,N,34114,3405,23.2,(X),(X),(X),(X),(X),(X),(X),(X),(X),21.4,(X),(X),(X),(X),(X),(X),(X),(X),(X),(X),(X),23.4,(X)
0500000US23031,23031,"York County, Maine",81605,2336,51391,2568,41117,2421,30214,2016,5.1,1.2,3.4,1.2,1.2,1.1,9.0,2.7,5.2,1.2,2.5,1.2,1.5,1.0,10.6,2.7,11.4,1.5,6.3,1.6,4.0,1.2,20.7,3.0,11.4,1.8,10.1,2.4,8.4,2.2,15.2,3.6,12.7,1.8,11.5,2.2,9.3,2.2,14.7,2.8,18.6,2.0,20.4,2.7,22.3,3.2,13.2,2.9,14.5,1.9,17.9,2.6,20.2,2.9,8.5,3.0,11.3,1.6,15.6,2.4,18.2,2.9,2.9,1.3,5.3,1.3,6.5,1.6,8.1,1.9,2.7,2.0,4.5,1.0,5.7,1.4,6.7,1.7,2.5,1.2,55350,2947,69016,5465,77439,3408,29959,3121,71664,3461,83374,4674,N,N,48396,5461,26.7,(X),(X),(X),(X),(X),(X),(X),(X),(X),27.6,(X),(X),(X),(X),(X),(X),(X),(X),(X),(X),(X),24.6,(X)
0500000US24001,24001,"Allegany County, Maryland",26573,1252,15587,1392,N,N,10986,1231,10.4,2.8,2.6,1.8,N,N,21.5,6.4,9.0,2.5,4.6,2.5,N,N,15.2,4.9,15.4,2.7,10.5,3.2,N,N,23.7,5.7,10.3,2.4,7.9,2.7,N,N,13.5,4.3,13.4,2.9,16.0,3.0,N,N,9.7,6.0,20.2,3.4,27.7,5.2,N,N,10.5,4.4,9.4,2.3,12.7,3.3,N,N,3.8,2.2,8.5,1.8,12.7,2.8,N,N,1.6,1.2,2.1,1.0,3.2,1.7,N,N,0.4,0.7,1.2,0.6,2.1,1.1,N,N,0.0,1.4,40165,3867,56567,4205,62441,4869,20014,2631,51298,2946,66928,3791,N,N,27942,3276,26.5,(X),(X),(X),(X),(X),(X),(X),(X),(X),26.6,(X),(X),(X),(X),(X),(X),(X),(X),(X),(X),(X),25.8,(X)
0500000US24003,24003,"Anne Arundel County, Maryland",201695,2445,139165,3570,105981,3761,62530,3220,3.6,0.7,1.7,0.6,0.7,0.5,8.5,2.1,2.2,0.6,1.2,0.6,0.6,0.4,4.9,1.6,5.7,0.9,3.7,0.9,2.1,0.7,10.2,1.8,6.0,1.0,4.5,1.0,2.8,0.8,9.5,1.9,9.6,1.2,8.3,1.2,7.2,1.4,13.9,2.4,16.4,1.4,16.2,1.7,13.9,1.9,17.6,2.5,15.1,1.5,15.7,1.8,15.6,1.8,14.0,2.3,20.6,1.5,22.8,1.8,25.2,2.1,13.8,2.1,10.3,1.1,12.7,1.5,15.3,1.9,4.3,1.3,10.5,1.1,13.2,1.3,16.6,1.8,3.3,1.2,86230,2655,97631,3135,112665,5312,53788,5106,106490,3768,121169,4964,N,N,68272,4544,29.6,(X),(X),(X),(X),(X),(X),(X),(X),(X),29.2,(X),(X),(X),(X),(X),(X),(X),(X),(X),(X),(X),28.7,(X)
0500000US24005,24005,"Baltimore County, Maryland",313837,2968,204651,4779,141693,4095,109186,4391,5.6,0.8,3.7,0.9,1.2,0.4,10.2,1.8,3.4,0.6,1.7,0.6,0.9,0.3,6.9,1.3,7.1,0.7,4.8,0.8,2.9,0.7,11.8,1.2,8.1,0.7,6.3,1.0,4.0,0.9,12.3,1.3,13.5,1.0,12.2,1.1,9.2,1.1,17.2,1.9,19.4,1.0,18.9,1.4,17.0,1.3,20.9,1.6,14.2,1.2,15.2,1.4,17.1,1.7,9.9,1.6,16.4,1.1,20.3,1.4,25.3,1.8,7.7,1.3,5.8,0.6,7.8,0.7,10.2,1.1,1.7,0.6,6.5,0.5,9.0,0.7,12.4,1.0,1.4,0.5,64795,2089,78039,2990,96472,2936,42049,2109,85369,1965,100853,2879,119932,3582,52164,1863,34.3,(X),(X),(X),(X),(X),(X),(X),(X),(X),34.9,(X),(X),(X),(X),(X),(X),(X),(X),(X),(X),(X),32.1,(X)
0500000US24009,24009,"Calvert County, Maryland",30729,1272,23505,1584,N,N,7224,1266,4.6,1.8,1.4,1.1,N,N,15.4,6.1,2.5,1.4,1.7,1.5,N,N,4.4,3.8,4.1,1.5,3.0,1.6,N,N,10.4,5.0,5.3,2.0,4.6,2.2,N,N,7.2,4.6,6.8,2.3,8.0,2.6,N,N,7.6,5.8,15.5,3.0,12.9,2.8,N,N,21.2,8.2,14.4,3.1,14.7,3.2,N,N,17.0,6.9,23.8,4.5,26.5,4.7,N,N,12.5,7.6,14.2,2.5,16.4,3.3,N,N,2.3,2.4,8.8,2.2,10.6,2.8,N,N,2.0,1.8,94196,7032,105672,9502,120268,9502,54762,13984,105654,5904,115320,7016,N,N,62356,8578,32.7,(X),(X),(X),(X),(X),(X),(X),(X),(X),31.1,(X),(X),(X),(X),(X),(X),(X),(X),(X),(X),(X),35.0,(X)
0500000US24013,24013,"Carroll County, Maryland",60362,1009,46157,1553,36185,1916,14205,1546,2.9,1.0,1.8,1.1,0.4,0.4,7.6,3.4,2.7,0.8,0.7,0.4,0.7,0.5,9.3,2.9,7.8,1.6,5.1,1.7,2.9,1.6,17.4,3.8,5.2,1.3,3.8,1.3,2.7,1.0,9.6,3.5,10.2,1.7,10.5,1.9,7.8,1.9,11.9,3.7,16.0,2.5,14.1,2.4,13.5,2.3,20.3,5.7,14.6,1.9,17.4,2.2,19.1,2.5,6.2,3.0,21.3,2.4,24.6,2.4,26.8,2.5,11.6,3.8,10.7,1.6,12.4,1.8,14.6,2.1,3.7,2.7,8.5,1.4,9.6,1.6,11.7,2.0,2.4,1.2,82955,3838,94797,4226,102099,3373,42060,6976,100245,4279,109027,4167,N,N,65089,12339,27.9,(X),(X),(X),(X),(X),(X),(X),(X),(X),26.2,(X),(X),(X),(X),(X),(X),(X),(X),(X),(X),(X),31.2,(X)
0500000US24015,24015,"Cecil County, Maryland",36759,1451,25564,1662,N,N,11195,1464,4.5,1.6,3.4,2.0,N,N,8.0,4.0,3.6,1.9,0.9,0.8,N,N,10.1,5.8,9.1,2.3,5.2,2.4,N,N,17.8,5.7,9.3,2.4,7.5,2.6,N,N,15.9,5.7,10.8,2.8,9.3,3.0,N,N,16.0,7.2,18.8,2.9,18.6,3.2,N,N,17.0,5.1,14.0,2.9,16.8,3.7,N,N,6.7,4.1,16.2,3.0,22.0,4.1,N,N,4.8,2.9,6.7,2.3,7.6,2.5,N,N,0.9,1.1,7.0,2.1,8.6,2.9,N,N,2.8,2.2,66090,4802,83510,7408,93365,4003,32272,5709,83160,5643,97735,6899,N,N,44992,5734,28.5,(X),(X),(X),(X),(X),(X),(X),(X),(X),30.5,(X),(X),(X),(X),(X),(X),(X),(X),(X),(X),(X),23.8,(X)
0500000US24017,24017,"Charles County, Maryland",52683,1206,38212,1838,N,N,14471,1798,3.4,1.4,2.1,1.3,N,N,8.1,4.2,1.9,1.1,1.4,1.1,N,N,3.9,2.3,8.5,2.2,5.2,2.1,N,N,15.8,5.5,5.6,1.6,6.1,2.1,N,N,5.9,3.4,6.3,1.7,5.0,1.8,N,N,11.2,4.1,14.7,2.7,14.6,3.5,N,N,16.6,4.6,17.7,2.8,17.8,3.3,N,N,18.2,5.2,20.8,2.7,22.3,3.3,N,N,13.5,4.2,11.7,2.4,13.5,2.7,N,N,5.1,3.2,9.4,1.7,11.9,2.3,N,N,2.0,1.5,88797,3640,96278,5378,116543,10144,55372,9132,101681,5034,112197,6367,N,N,66379,7779,36.0,(X),(X),(X),(X),(X),(X),(X),(X),(X),35.3,(X),(X),(X),(X),(X),(X),(X),(X),(X),(X),(X),35.4,(X)
0500000US24021,24021,"Frederick County, Maryland",88531,1120,65150,1812,51345,2170,23381,1526,3.3,0.9,2.5,1.0,1.7,1.0,5.7,1.8,2.3,0.6,1.0,0.6,0.6,0.5,6.1,1.9,5.8,1.3,3.0,1.0,1.3,0.5,14.4,3.6,5.7,1.2,4.6,1.1,3.3,1.0,9.7,2.8,10.7,1.4,8.7,1.5,6.4,1.4,16.1,3.6,16.6,2.1,17.0,2.3,14.9,2.2,14.9,3.9,14.4,1.6,14.3,1.5,15.6,1.7,14.5,4.1,22.1,2.0,25.7,2.3,29.3,2.7,11.5,3.1,11.2,1.6,13.7,2.0,15.0,2.2,3.9,1.9,8.0,1.1,9.6,1.3,11.8,1.7,3.3,1.9,84308,3802,97231,5519,107269,4694,48277,5403,101338,3207,113954,4242,N,N,63293,4686,24.8,(X),(X),(X),(X),(X),(X),(X),(X),(X),23.9,(X),(X),(X),(X),(X),(X),(X),(X),(X),(X),(X),25.3,(X)
0500000US24025,24025,"Harford County, Maryland",91938,1816,66355,2365,50320,2367,25583,2365,4.5,1.2,2.7,1.1,0.9,0.6,9.5,3.3,2.5,0.9,2.2,1.0,0.6,0.4,3.3,1.8,5.7,1.3,2.7,1.1,2.5,1.4,13.4,3.7,6.4,1.4,4.9,1.6,3.0,1.2,11.4,3.0,9.5,1.7,8.7,2.0,6.7,1.8,12.6,3.1,19.7,2.2,17.7,2.3,15.8,2.0,26.6,4.8,15.1,1.8,16.8,2.2,17.4,2.5,10.8,2.9,20.7,1.8,24.4,2.2,29.2,2.7,8.2,2.6,8.7,1.1,10.9,1.4,13.1,1.6,2.4,1.3,7.1,1.3,9.0,1.7,10.8,2.2,1.8,1.1,77765,3672,91524,3188,102852,4264,49761,4890,92495,2825,105191,3824,N,N,55943,3774,35.5,(X),(X),(X),(X),(X),(X),(X),(X),(X),34.8,(X),(X),(X),(X),(X),(X),(X),(X),(X),(X),(X),36.3,(X)
0500000US24027,24027,"Howard County, Maryland",108188,1729,80023,2677,63913,3071,28165,2517,2.0,0.7,1.1,0.6,0.4,0.3,4.3,2.2,1.5,0.6,0.4,0.3,0.4,0.3,4.6,2.0,3.6,1.0,1.9,0.9,1.8,1.1,8.5,2.7,4.6,1.2,3.3,1.2,2.4,1.1,8.3,3.4,6.1,1.2,5.9,1.3,4.6,1.2,7.6,2.5,15.1,2.1,12.3,2.2,10.3,2.3,23.7,4.8,12.4,1.8,11.5,1.9,9.2,1.8,14.9,3.5,22.8,1.9,25.3,2.3,26.5,2.5,16.1,3.1,14.0,1.8,16.5,2.0,18.1,2.3,7.3,2.9,17.9,1.5,21.7,2.0,26.4,2.2,4.7,2.1,109476,4667,126163,5890,139434,6298,68919,6323,131886,5106,148189,6386,N,N,81799,6839,26.2,(X),(X),(X),(X),(X),(X),(X),(X),(X),28.0,(X),(X),(X),(X),(X),(X),(X),(X),(X),(X),(X),19.6,(X)
0500000US24031,24031,"Montgomery County, Maryland",364743,2889,255486,4569,196767,4369,109257,4636,3.5,0.5,2.2,0.5,1.1,0.3,7.6,1.2,1.6,0.4,1.0,0.4,0.6,0.3,3.2,0.8,4.1,0.6,3.5,0.6,1.9,0.5,6.9,1.2,5.4,0.6,4.9,0.7,3.7,0.7,7.4,1.2,8.3,0.8,7.2,1.0,4.4,0.7,10.9,1.4,14.7,1.0,12.9,1.0,11.4,1.2,18.5,1.9,13.1,0.8,11.7,1.0,11.4,1.0,15.9,1.6,20.2,1.0,20.6,1.1,21.6,1.3,18.3,1.9,11.7,0.8,13.6,0.9,16.4,1.1,6.3,1.1,17.4,0.7,22.4,1.0,27.6,1.3,5.0,1.0,98326,2084,114577,3490,133581,3304,67022,3186,133246,2739,151707,3515,173907,4566,84827,4087,26.2,(X),(X),(X),(X),(X),(X),(X),(X),(X),27.3,(X),(X),(X),(X),(X),(X),(X),(X),(X),(X),(X),21.4,(X)
0500000US24033,24033,"Prince George's County, Maryland",306730,2746,203419,4096,117406,3797,103311,3951,4.5,0.6,3.2,0.6,1.2,0.5,8.3,1.4,2.7,0.4,1.8,0.4,0.7,0.3,4.8,1.0,6.3,0.6,4.5,0.7,2.1,0.6,11.5,1.4,6.7,0.6,6.4,1.0,3.5,0.8,9.2,1.3,12.0,0.9,10.0,1.0,6.6,1.0,15.8,1.7,19.7,0.9,18.4,1.1,15.9,1.4,21.8,2.0,14.9,1.0,15.4,1.1,16.2,1.4,13.1,1.8,19.1,1.1,22.0,1.3,27.5,2.0,10.6,1.4,7.8,0.7,10.1,0.9,13.2,1.4,3.0,0.8,6.4,0.5,8.1,0.7,13.0,1.2,1.8,0.6,72052,1580,82748,2581,104867,3800,50204,2461,88030,1444,98344,2222,119940,3240,60696,2672,38.0,(X),(X),(X),(X),(X),(X),(X),(X),(X),40.7,(X),(X),(X),(X),(X),(X),(X),(X),(X),(X),(X),28.9,(X)
0500000US24037,24037,"St. Mary's County, Maryland",36083,1555,25177,1909,N,N,10906,1558,6.4,2.6,1.7,1.3,N,N,17.9,7.4,3.3,1.5,1.3,1.6,N,N,8.0,3.5,5.9,2.1,4.5,2.2,N,N,10.0,4.7,8.1,2.8,8.0,3.4,N,N,7.6,3.7,8.5,2.6,8.3,2.9,N,N,10.6,4.5,15.7,2.8,15.6,3.3,N,N,15.6,4.8,13.1,3.1,12.3,3.7,N,N,13.8,6.0,22.7,3.9,27.9,5.0,N,N,9.9,4.5,8.4,2.0,9.9,2.9,N,N,4.7,3.2,7.9,2.7,10.6,3.5,N,N,1.8,3.0,78233,6783,94553,12388,105890,8028,40688,10772,91175,5912,105104,8246,N,N,57149,8541,33.0,(X),(X),(X),(X),(X),(X),(X),(X),(X),34.4,(X),(X),(X),(X),(X),(X),(X),(X),(X),(X),(X),29.9,(X)
0500000US24043,24043,"Washington County, Maryland",56400,1249,37551,1890,28606,1935,18849,1735,6.9,1.7,4.5,1.8,1.0,0.7,13.4,3.8,4.2,1.2,1.8,0.9,0.7,0.7,9.2,3.0,9.3,1.8,7.9,2.3,6.6,2.2,11.5,3.4,10.4,2.1,8.1,1.8,6.1,2.0,15.6,3.9,13.0,2.0,12.0,2.6,12.8,2.9,16.2,4.0,21.2,3.0,22.7,3.7,22.4,3.7,18.2,4.9,14.0,2.5,16.1,3.0,18.5,3.6,10.1,4.1,13.3,2.1,16.3,2.4,18.8,3.1,4.3,2.1,4.9,1.0,6.5,1.5,8.5,1.9,1.2,0.8,2.9,0.9,4.2,1.3,4.5,1.4,0.2,0.4,57615,4088,68144,3912,75473,5479,35409,6684,69779,3218,81609,4239,N,N,42827,3340,26.3,(X),(X),(X),(X),(X),(X),(X),(X),(X),26.4,(X),(X),(X),(X),(X),(X),(X),(X),(X),(X),(X),24.2,(X)
0500000US24045,24045,"Wicomico County, Maryland",37037,1247,24782,1445,N,N,12255,1414,6.0,2.1,3.5,2.1,N,N,13.6,5.9,4.1,1.3,3.4,2.1,N,N,7.9,3.4,15.7,3.1,10.0,3.5,N,N,26.9,6.0,12.0,2.8,12.0,3.3,N,N,13.0,5.0,13.0,2.9,13.0,3.6,N,N,12.1,4.7,18.8,3.2,20.2,3.4,N,N,13.6,6.3,12.1,2.9,15.1,4.0,N,N,6.2,3.2,11.8,2.6,14.5,3.4,N,N,4.1,2.4,2.7,1.3,3.7,1.9,N,N,0.8,0.9,3.8,1.7,4.7,2.1,N,N,1.8,2.6,48897,4554,60400,3613,70619,6540,27521,6910,69490,8752,79351,11462,N,N,42844,10174,34.1,(X),(X),(X),(X),(X),(X),(X),(X),(X),35.0,(X),(X),(X),(X),(X),(X),(X),(X),(X),(X),(X),26.7,(X)
0500000US24510,24510,"Baltimore city, Maryland",244114,3964,121239,4500,59206,3343,122875,4421,14.4,1.0,9.8,1.4,2.4,1.2,19.7,1.5,7.7,0.9,5.0,1.0,2.7,1.0,10.6,1.5,11.1,1.0,10.1,1.2,7.3,1.6,12.7,1.3,10.4,1.0,9.9,1.2,7.5,1.7,10.9,1.4,12.6,1.0,14.0,1.8,9.9,2.2,11.3,1.1,17.0,1.1,17.3,1.6,18.1,2.3,16.0,1.6,10.4,1.0,12.3,1.6,17.6,2.5,8.1,1.2,9.6,0.9,11.9,1.3,16.8,2.3,6.7,1.1,3.6,0.6,4.7,0.9,8.5,1.7,2.3,0.6,3.3,0.4,4.9,0.7,9.2,1.5,1.6,0.4,42266,1216,51303,2418,78552,5548,30933,1581,62494,2391,76749,3891,109724,7324,46509,2385,38.1,(X),(X),(X),(X),(X),(X),(X),(X),(X),43.9,(X),(X),(X),(X),(X),(X),(X),(X),(X),(X),(X),31.7,(X)
0500000US25001,25001,"Barnstable County, Massachusetts",94479,3189,59215,2761,47123,2849,35264,2565,4.6,1.2,2.0,1.1,0.9,1.0,9.8,2.7,5.5,1.2,2.2,0.9,1.2,0.7,11.7,2.5,10.2,1.5,6.3,1.6,5.2,1.6,16.5,3.1,8.4,1.4,7.0,1.7,5.2,1.5,11.8,3.0,11.9,1.5,10.7,1.8,8.4,1.8,13.9,2.5,19.2,2.0,21.8,2.6,20.7,2.7,14.9,2.6,15.1,1.8,17.4,2.5,19.7,3.0,11.5,2.6,14.2,1.5,18.2,2.2,21.0,2.7,5.9,1.5,5.8,1.2,7.8,1.6,9.3,1.9,2.1,1.1,5.0,1.0,6.6,1.4,8.3,1.7,2.0,1.0,61026,2089,75076,2717,83500,3301,35136,2603,80103,3977,95536,5212,N,N,50174,4183,30.8,(X),(X),(X),(X),(X),(X),(X),(X),(X),32.7,(X),(X),(X),(X),(X),(X),(X),(X),(X),(X),(X),26.6,(X)
0500000US25003,25003,"Berkshire County, Massachusetts",54963,1736,33098,2224,23787,1846,21865,2022,6.8,1.4,4.7,1.9,1.7,1.0,12.1,3.2,6.3,1.4,3.1,1.5,1.3,1.0,11.6,3.0,10.5,1.7,6.5,2.0,3.6,1.2,15.8,3.1,10.3,1.9,7.6,2.4,4.4,1.3,14.3,3.5,13.9,2.1,14.5,2.9,12.2,2.5,15.4,4.0,18.1,2.3,19.5,2.8,20.3,3.5,13.8,3.7,12.4,2.0,14.7,2.4,18.3,3.2,8.3,3.2,12.8,1.8,18.0,2.8,22.5,3.3,4.9,2.2,4.9,1.4,5.4,1.7,7.3,2.3,3.6,2.4,4.0,1.2,6.0,1.8,8.4,2.4,0.2,0.2,52514,2831,66660,4508,81672,5180,32022,3340,71181,4367,86881,6727,N,N,44015,4052,25.0,(X),(X),(X),(X),(X),(X),(X),(X),(X),24.2,(X),(X),(X),(X),(X),(X),(X),(X),(X),(X),(X),25.2,(X)
0500000US25005,25005,"Bristol County, Massachusetts",212609,2253,138656,3885,98672,3804,73953,3510,8.0,1.1,4.6,0.9,1.8,0.6,16.1,2.7,6.5,1.0,3.9,0.9,1.4,0.5,12.5,2.2,11.2,1.0,7.9,1.3,4.2,0.9,17.6,2.0,9.2,1.0,7.6,1.1,6.0,1.2,12.7,1.9,12.2,1.1,12.0,1.3,10.7,1.6,12.6,2.2,16.7,1.4,17.2,1.6,17.5,2.0,15.4,2.1,11.7,1.2,13.9,1.5,15.8,1.8,6.3,1.7,14.5,1.1,19.2,1.6,24.1,2.0,4.5,1.1,5.6,0.7,7.9,1.0,10.6,1.4,1.1,0.6,4.4,0.7,5.9,0.9,7.9,1.2,1.2,0.6,53501,2118,70315,3414,86579,4056,27327,2541,71288,1839,85915,2586,102113,3078,39757,2524,35.8,(X),(X),(X),(X),(X),(X),(X),(X),(X),36.1,(X),(X),(X),(X),(X),(X),(X),(X),(X),(X),(X),33.4,(X)
0500000US25009,25009,"Essex County, Massachusetts",286891,2443,192300,4938,138563,4258,94591,4254,6.1,0.8,4.0,0.9,1.3,0.5,12.0,1.8,5.2,0.7,2.4,0.5,1.1,0.4,11.3,1.7,8.5,0.8,5.4,0.8,3.1,0.7,14.6,1.7,8.8,0.8,7.7,0.9,4.6,0.7,11.9,1.8,9.8,0.8,9.7,1.0,7.3,1.1,12.0,1.6,16.3,1.0,15.3,1.1,15.3,1.3,17.6,2.0,13.9,1.1,15.9,1.4,17.9,1.9,8.6,1.5,16.0,1.1,19.3,1.5,23.4,1.8,8.2,1.3,8.0,0.8,10.6,1.1,13.5,1.4,1.8,0.7,7.3,0.6,9.7,0.9,12.6,1.3,2.0,0.8,67522,1735,82132,2350,99047,3431,35257,2723,88308,2132,104116,2748,122898,3734,52061,4439,35.3,(X),(X),(X),(X),(X),(X),(X),(X),(X),36.7,(X),(X),(X),(X),(X),(X),(X),(X),(X),(X),(X),29.5,(X)
0500000US25011,25011,"Franklin County, Massachusetts",30990,752,17497,1030,N,N,13493,1076,4.9,1.5,3.2,1.9,N,N,7.6,2.9,7.1,1.8,3.2,1.9,N,N,13.9,4.0,11.5,2.3,6.3,2.2,N,N,17.5,4.4,10.8,2.4,8.6,2.2,N,N,15.3,4.9,12.1,2.1,11.2,2.5,N,N,13.0,3.6,18.3,2.5,19.2,3.4,N,N,17.3,3.9,16.7,2.3,19.2,3.0,N,N,10.7,3.7,10.6,1.8,17.0,3.0,N,N,2.4,1.4,4.9,1.7,7.5,3.0,N,N,1.3,1.3,3.2,1.1,4.6,2.0,N,N,1.1,0.7,52339,3176,71917,6416,84089,4144,31953,2650,68273,4377,85625,7272,N,N,43516,4052,24.9,(X),(X),(X),(X),(X),(X),(X),(X),(X),24.5,(X),(X),(X),(X),(X),(X),(X),(X),(X),(X),(X),24.0,(X)
0500000US25013,25013,"Hampden County, Massachusetts",175846,2359,117891,3550,76070,3345,57955,3058,8.6,1.1,7.0,1.4,1.0,0.5,14.0,2.3,7.1,1.1,4.9,1.1,2.5,0.8,12.5,2.0,13.0,1.4,8.4,1.4,5.9,1.4,21.4,2.7,10.2,1.1,10.1,1.5,7.6,1.5,11.9,2.0,11.7,1.3,12.2,1.9,9.4,1.7,11.5,2.1,15.5,1.3,16.2,1.7,18.2,2.1,12.9,2.0,12.2,1.3,14.6,1.6,17.5,2.3,6.3,1.6,14.0,1.3,17.2,1.6,24.0,2.1,6.4,1.7,4.7,0.9,6.2,1.1,9.1,1.7,2.0,1.2,2.9,0.6,3.4,0.8,4.7,1.0,1.2,0.5,48845,2497,59239,2352,81747,3325,26991,3146,66794,2583,76674,3470,96263,5048,42529,2916,33.1,(X),(X),(X),(X),(X),(X),(X),(X),(X),34.2,(X),(X),(X),(X),(X),(X),(X),(X),(X),(X),(X),29.2,(X)
0500000US25015,25015,"Hampshire County, Massachusetts",59101,1410,36353,1921,N,N,22748,1795,4.9,1.1,0.6,0.6,N,N,12.0,2.7,5.8,1.9,0.8,0.8,N,N,14.5,4.6,9.7,2.0,6.6,2.0,N,N,15.8,3.9,7.5,1.7,6.7,2.2,N,N,10.2,2.7,11.5,1.9,10.9,2.5,N,N,12.4,3.2,17.7,2.6,19.3,3.4,N,N,14.1,3.1,14.5,2.2,15.2,2.8,N,N,11.3,3.5,18.6,2.5,26.3,3.7,N,N,6.4,2.5,5.5,1.5,7.0,2.0,N,N,2.7,2.4,4.3,1.2,6.6,1.8,N,N,0.5,0.6,65190,6303,83401,6720,93872,5761,33402,4427,80969,5221,101724,7727,N,N,45530,4486,31.2,(X),(X),(X),(X),(X),(X),(X),(X),(X),29.5,(X),(X),(X),(X),(X),(X),(X),(X),(X),(X),(X),33.1,(X)
0500000US25017,25017,"Middlesex County, Massachusetts",584142,3922,373033,6108,296434,6543,211109,6483,5.0,0.5,2.9,0.5,1.1,0.3,9.3,1.0,3.7,0.4,1.5,0.3,0.7,0.2,7.8,0.9,7.0,0.5,4.1,0.5,2.7,0.5,12.4,1.1,6.5,0.5,5.2,0.6,3.6,0.6,9.4,1.0,8.9,0.7,7.7,0.7,6.0,0.7,11.7,1.2,15.1,0.8,13.6,0.8,12.3,0.9,17.4,1.4,11.9,0.7,12.1,0.8,11.9,0.9,11.2,1.3,18.4,0.8,21.3,1.0,24.1,1.2,12.8,1.2,10.6,0.6,13.4,0.8,15.4,0.9,5.0,0.8,13.0,0.6,18.3,0.8,22.2,0.9,3.2,0.6,82425,1848,105671,2449,121827,2674,49158,2797,113867,2064,138140,2767,156723,3415,68013,3147,31.2,(X),(X),(X),(X),(X),(X),(X),(X),(X),31.3,(X),(X),(X),(X),(X),(X),(X),(X),(X),(X),(X),30.0,(X)
0500000US25021,25021,"Norfolk County, Massachusetts",259006,2229,170648,4276,134464,4472,88358,3899,4.5,0.7,1.8,0.5,0.7,0.3,9.9,1.8,3.3,0.6,1.2,0.5,0.6,0.4,7.4,1.5,6.6,0.8,3.6,0.8,2.5,0.7,13.1,2.0,7.0,0.9,5.1,1.0,3.1,0.7,10.8,1.6,8.3,0.9,6.5,1.0,5.6,0.9,12.0,1.5,15.2,1.2,13.7,1.4,12.3,1.5,18.4,2.3,12.6,1.0,14.0,1.3,13.3,1.5,9.0,1.5,19.2,1.2,22.5,1.6,24.5,1.9,12.3,1.6,10.0,1.0,13.0,1.4,15.3,1.7,4.1,1.1,13.5,0.9,18.6,1.4,22.2,1.8,3.0,0.9,84317,3624,106544,4202,122186,4484,44311,3568,117965,3764,144844,5616,163446,6826,63498,3599,34.0,(X),(X),(X),(X),(X),(X),(X),(X),(X),33.5,(X),(X),(X),(X),(X),(X),(X),(X),(X),(X),(X),34.1,(X)
0500000US25023,25023,"Plymouth County, Massachusetts",177399,2615,128758,3639,99591,3438,48641,2950,4.7,0.9,2.9,1.0,1.0,0.5,10.6,2.2,3.3,0.6,1.2,0.5,0.3,0.2,8.8,1.7,6.9,1.0,3.6,1.0,1.8,0.7,16.2,2.6,7.5,1.0,6.0,1.1,4.1,0.9,12.1,2.1,10.5,1.1,10.2,1.4,8.5,1.3,12.7,2.9,16.3,1.4,15.6,1.7,14.9,1.9,16.4,2.6,14.2,1.5,15.3,1.8,16.0,1.9,11.7,2.5,19.6,1.5,24.3,1.9,27.8,2.2,6.1,1.8,8.7,1.1,10.9,1.4,13.1,1.8,2.9,1.4,8.3,0.9,10.1,1.1,12.5,1.4,2.4,1.1,76183,2867,91321,3002,105286,3808,36717,3028,96316,3127,110922,3976,N,N,53582,4158,31.9,(X),(X),(X),(X),(X),(X),(X),(X),(X),32.7,(X),(X),(X),(X),(X),(X),(X),(X),(X),(X),(X),27.3,(X)
0500000US25025,25025,"Suffolk County, Massachusetts",290581,2616,144747,4270,79482,3778,145834,3903,12.2,1.0,8.1,1.2,1.7,0.6,17.0,1.6,6.2,0.8,5.1,0.9,2.2,0.8,8.0,1.2,9.0,0.9,9.5,1.4,4.9,1.2,9.0,1.1,7.4,0.7,7.7,1.1,4.5,1.0,7.6,1.0,11.3,0.9,11.6,1.4,9.3,1.5,11.1,1.2,16.5,1.0,16.4,1.6,18.1,2.1,16.4,1.4,10.7,0.9,10.5,1.1,12.9,1.7,10.5,1.3,13.7,1.0,16.1,1.5,21.8,2.0,10.1,1.2,6.0,0.6,6.5,1.0,10.5,1.7,5.3,0.8,7.0,0.6,8.5,1.0,14.1,1.7,5.0,0.9,54747,2139,60783,2039,93865,5963,45435,2796,79770,2359,90352,3803,125591,5954,66302,2835,38.7,(X),(X),(X),(X),(X),(X),(X),(X),(X),42.9,(X),(X),(X),(X),(X),(X),(X),(X),(X),(X),(X),33.2,(X)
0500000US25027,25027,"Worcester County, Massachusetts",300998,2891,202852,4287,149404,4364,98146,3887,6.2,0.8,3.9,0.9,1.4,0.4,12.6,1.8,4.8,0.7,2.1,0.6,0.9,0.5,10.8,1.7,10.2,0.9,7.8,1.1,4.6,0.9,15.2,1.8,8.6,0.9,7.3,0.9,5.4,0.8,12.7,1.9,10.8,0.8,10.2,1.0,7.5,0.9,13.0,1.8,17.4,1.0,17.0,1.2,17.0,1.4,17.3,2.0,13.5,0.9,15.1,1.1,17.0,1.3,9.1,1.4,15.7,1.1,19.9,1.3,24.6,1.7,6.2,1.3,6.9,0.6,8.8,0.9,11.2,1.1,1.9,0.8,5.9,0.6,8.0,0.8,10.3,1.0,1.1,0.4,62483,2404,77379,2267,94483,3061,33236,2770,80289,1702,94653,2334,110549,2694,46372,2088,28.4,(X),(X),(X),(X),(X),(X),(X),(X),(X),29.1,(X),(X),(X),(X),(X),(X),(X),(X),(X),(X),(X),25.8,(X)
0500000US26005,26005,"Allegan County, Michigan",41157,1488,30534,1555,25649,1449,10623,1378,5.4,1.7,3.8,1.7,2.2,1.3,10.3,4.0,4.0,1.2,1.8,0.9,1.0,0.7,11.0,3.9,10.4,2.2,9.1,2.4,6.5,2.1,17.3,4.9,9.9,1.9,7.6,1.9,5.4,1.6,16.5,5.3,14.9,2.0,14.4,2.3,13.9,2.3,16.0,4.9,22.9,3.0,25.0,3.3,26.5,3.6,14.9,4.5,14.9,2.4,18.1,3.3,20.9,3.7,7.1,4.8,13.4,1.7,15.0,2.4,17.4,2.8,5.3,3.0,2.4,1.0,3.0,1.3,3.6,1.5,0.6,0.7,2.0,0.7,2.2,0.9,2.6,1.1,1.1,1.0,56077,3157,62006,3950,68802,3859,31910,3273,66937,3992,73709,5719,N,N,43299,4821,40.8,(X),(X),(X),(X),(X),(X),(X),(X),(X),39.1,(X),(X),(X),(X),(X),(X),(X),(X),(X),(X),(X),42.7,(X)
0500000US26017,26017,"Bay County, Michigan",44918,979,29413,1462,21035,1252,15505,1413,8.4,1.8,5.6,2.0,2.2,1.4,18.0,4.7,6.5,1.9,3.9,1.4,1.6,1.0,9.9,3.9,14.4,2.9,10.0,3.2,6.0,2.4,22.4,5.6,15.1,2.6,12.9,2.9,10.9,3.2,18.8,4.8,13.3,2.3,13.9,2.6,12.9,3.1,11.9,3.7,19.0,2.4,23.0,3.4,25.9,4.0,10.3,3.1,11.0,1.9,14.4,2.5,19.2,3.4,4.0,2.2,8.6,1.9,11.6,2.8,15.4,3.5,2.6,1.7,2.7,1.0,3.3,1.2,4.2,1.7,1.2,1.8,1.1,0.6,1.4,0.9,1.8,1.2,0.7,0.9,41281,4157,53846,3455,65423,4994,24756,3196,54804,4543,64535,6224,N,N,34344,5254,37.5,(X),(X),(X),(X),(X),(X),(X),(X),(X),36.7,(X),(X),(X),(X),(X),(X),(X),(X),(X),(X),(X),34.7,(X)
0500000US26021,26021,"Berrien County, Michigan",59239,1806,38717,1792,28607,1652,20522,1361,8.7,1.3,4.4,1.2,1.2,0.9,18.5,3.5,6.2,1.5,1.9,0.9,1.0,0.7,13.4,3.5,11.9,1.8,10.7,1.9,6.3,1.6,16.6,3.4,12.6,1.8,10.8,2.1,9.4,2.1,15.7,3.0,14.7,1.8,14.5,2.1,11.2,2.2,14.8,2.9,19.0,2.2,22.4,2.7,26.4,3.2,12.7,3.4,11.2,1.3,13.8,1.9,17.0,2.4,4.2,1.4,10.1,1.4,14.1,2.0,17.9,2.5,2.2,0.9,3.5,0.8,4.7,1.1,6.2,1.5,1.3,0.9,2.0,0.7,2.6,1.0,3.3,1.3,0.7,0.5,44747,2770,57595,3481,69999,1920,25678,2541,60408,2374,72365,3562,N,N,34663,2868,28.4,(X),(X),(X),(X),(X),(X),(X),(X),(X),28.4,(X),(X),(X),(X),(X),(X),(X),(X),(X),(X),(X),28.0,(X)
0500000US26025,26025,"Calhoun County, Michigan",52980,1474,34200,1403,23358,1544,18780,1449,6.2,1.3,4.5,1.5,1.3,0.9,12.1,2.9,6.5,1.3,5.4,1.7,1.4,0.9,8.3,2.2,13.7,2.1,10.7,2.0,5.6,1.8,19.8,3.9,13.1,2.1,11.7,2.4,10.1,2.7,15.4,3.6,16.0,2.1,12.8,2.6,13.7,3.1,21.3,3.6,19.5,2.3,23.4,2.9,25.8,3.2,12.6,3.5,11.4,2.1,14.3,2.9,17.6,3.5,5.9,2.6,8.8,1.7,10.4,2.2,14.3,3.2,3.5,1.8,3.3,1.2,4.6,1.8,6.8,2.5,0.6,0.8,1.6,0.7,2.3,1.0,3.3,1.5,0.3,0.5,44520,3406,54051,2366,67469,4784,29834,3809,58496,4020,65708,3444,N,N,41803,8408,26.9,(X),(X),(X),(X),(X),(X),(X),(X),(X),26.3,(X),(X),(X),(X),(X),(X),(X),(X),(X),(X),(X),26.5,(X)
0500000US26037,26037,"Clinton County, Michigan",28364,734,20717,905,N,N,7647,913,4.6,1.3,1.3,0.8,N,N,13.5,4.2,3.6,1.8,2.5,1.5,N,N,7.8,4.7,8.4,2.0,4.2,1.9,N,N,20.2,5.0,8.8,1.9,5.8,1.6,N,N,16.2,5.2,15.0,2.6,12.5,2.7,N,N,21.5,6.1,20.0,2.7,23.7,3.4,N,N,10.0,3.4,14.1,2.3,18.6,3.2,N,N,4.5,2.8,17.4,2.7,20.7,3.6,N,N,5.1,3.1,5.5,1.7,7.0,2.2,N,N,0.9,1.5,2.6,1.1,3.5,1.5,N,N,0.3,0.6,59569,5876,74851,4323,83372,5214,29716,4615,76465,4772,89836,6102,N,N,37755,4348,22.1,(X),(X),(X),(X),(X),(X),(X),(X),(X),21.3,(X),(X),(X),(X),(X),(X),(X),(X),(X),(X),(X),24.2,(X)
0500000US26045,26045,"Eaton County, Michigan",44259,850,29037,1308,21850,1239,15222,1363,5.7,1.7,4.4,1.8,2.9,1.7,8.4,3.0,5.4,1.6,3.2,1.3,1.4,0.8,11.0,3.7,9.9,2.1,7.2,2.4,4.2,1.7,14.9,4.4,10.3,2.1,8.4,2.2,6.9,2.1,15.6,4.3,15.6,2.2,13.8,2.6,11.5,2.2,17.4,3.9,21.1,2.4,21.2,2.5,22.5,3.0,20.9,5.8,14.8,2.3,18.0,3.1,20.7,3.8,8.7,2.8,12.5,1.6,17.0,2.5,21.2,3.2,2.4,1.4,2.7,1.0,4.1,1.6,5.2,1.9,0.1,0.2,2.0,0.9,2.8,1.3,3.5,1.7,0.5,0.5,53328,2606,64815,4090,75974,5800,35093,6937,63989,3092,74809,4356,N,N,41565,3635,28.0,(X),(X),(X),(X),(X),(X),(X),(X),(X),28.7,(X),(X),(X),(X),(X),(X),(X),(X),(X),(X),(X),24.8,(X)
0500000US26049,26049,"Genesee County, Michigan",163740,3064,104309,3603,68500,2593,59431,2725,10.9,1.2,8.1,1.3,1.7,0.7,17.8,2.4,5.4,0.8,4.4,0.9,1.4,0.6,7.8,1.6,13.4,1.3,10.3,1.7,5.1,1.2,19.2,2.5,12.6,1.4,10.2,1.5,9.4,1.8,16.5,2.2,16.7,1.7,16.1,2.0,16.5,1.9,17.4,2.5,16.7,1.4,18.5,1.8,21.8,2.3,13.1,2.0,11.2,1.2,14.5,1.5,19.2,2.0,4.7,1.4,8.9,1.0,12.3,1.5,16.7,2.0,1.9,0.9,2.4,0.4,3.3,0.6,4.7,0.9,0.8,0.4,1.9,0.5,2.4,0.7,3.5,1.0,1.0,0.6,41249,1596,50853,1916,66020,2005,27690,1752,55459,1943,65236,2875,80500,3238,35678,2380,31.0,(X),(X),(X),(X),(X),(X),(X),(X),(X),29.1,(X),(X),(X),(X),(X),(X),(X),(X),(X),(X),(X),32.8,(X)
0500000US26055,26055,"Grand Traverse County, Michigan",33798,1573,22158,1543,N,N,11640,1351,3.2,1.7,3.8,2.2,N,N,6.4,4.2,5.4,2.3,1.7,1.1,N,N,13.1,5.7,9.4,2.3,6.6,3.2,N,N,13.0,4.3,14.3,3.0,10.2,3.2,N,N,20.7,6.2,16.2,3.1,15.2,3.5,N,N,18.3,5.3,23.6,3.1,24.7,4.1,N,N,19.1,5.5,14.1,2.9,19.6,4.3,N,N,3.8,2.0,9.3,2.8,11.8,3.7,N,N,4.5,3.0,1.9,1.0,2.8,1.6,N,N,0.1,0.1,2.7,1.2,3.7,1.7,N,N,0.9,1.1,50830,2387,59987,7451,70434,5237,32352,4311,64819,6285,73463,6535,N,N,46480,11983,27.7,(X),(X),(X),(X),(X),(X),(X),(X),(X),25.8,(X),(X),(X),(X),(X),(X),(X),(X),(X),(X),(X),28.0,(X)
0500000US26065,26065,"Ingham County, Michigan",110512,2018,61100,2242,42757,2183,49412,2136,10.1,1.4,6.0,1.9,1.1,0.8,16.4,2.6,6.5,1.3,4.2,1.3,1.3,0.9,9.9,2.2,11.1,1.4,7.5,1.8,4.9,1.6,15.7,2.2,12.4,1.5,9.4,1.7,7.0,1.7,15.8,2.5,14.5,1.6,14.3,2.1,13.7,2.3,15.0,2.4,18.2,1.7,20.2,2.5,22.2,3.1,15.0,2.2,10.1,1.3,12.9,1.8,16.0,2.4,5.8,1.5,10.9,1.1,15.3,1.8,19.5,2.4,5.3,1.5,2.8,0.6,4.8,1.0,6.6,1.4,0.1,0.1,3.4,0.6,5.5,1.2,7.7,1.7,0.9,0.6,44569,2336,60481,3938,74535,5457,30776,1605,62759,2615,79695,4305,97425,6043,40371,3667,25.9,(X),(X),(X),(X),(X),(X),(X),(X),(X),25.6,(X),(X),(X),(X),(X),(X),(X),(X),(X),(X),(X),25.4,(X)
0500000US26073,26073,"Isabella County, Michigan",25225,895,14001,801,N,N,11224,933,11.9,2.5,6.0,2.6,N,N,21.2,5.2,7.6,2.3,4.9,2.2,N,N,10.5,3.0,16.0,3.1,12.6,4.3,N,N,20.0,5.1,11.7,2.2,9.7,2.7,N,N,13.9,3.9,17.5,2.6,16.3,3.3,N,N,20.6,4.7,15.6,2.6,22.3,4.1,N,N,6.7,2.7,9.8,2.0,11.9,2.7,N,N,5.7,2.4,7.4,1.8,11.8,3.0,N,N,1.5,1.0,2.0,0.9,3.5,1.7,N,N,0.0,1.0,0.4,0.3,0.8,0.5,N,N,0.0,1.0,37488,3565,50632,6841,61774,4234,24374,2799,49048,3462,63078,6364,N,N,29924,2520,29.8,(X),(X),(X),(X),(X),(X),(X),(X),(X),23.7,(X),(X),(X),(X),(X),(X),(X),(X),(X),(X),(X),35.5,(X)
0500000US26075,26075,"Jackson County, Michigan",61235,1481,41320,2037,29289,1770,19915,1943,9.5,1.5,7.6,2.0,2.9,1.7,14.6,3.7,5.3,1.4,4.8,1.5,1.3,0.8,7.5,2.8,15.1,2.4,8.0,2.2,6.1,2.5,29.3,4.9,9.8,1.6,8.2,1.6,7.2,1.8,14.3,3.6,15.3,2.2,16.4,2.7,14.5,3.1,11.4,3.3,19.4,2.3,20.9,2.7,24.1,3.4,16.0,3.9,10.9,1.7,14.5,2.5,16.8,2.9,2.9,1.9,10.2,1.6,13.6,2.1,18.9,2.9,2.6,1.7,2.8,0.9,3.9,1.3,5.3,1.8,0.5,0.8,1.7,0.7,2.2,0.9,2.9,1.3,0.8,1.3,43668,3721,57420,3777,69032,2878,24309,2664,56509,2797,65998,3475,78908,4122,35105,4248,26.0,(X),(X),(X),(X),(X),(X),(X),(X),(X),26.2,(X),(X),(X),(X),(X),(X),(X),(X),(X),(X),(X),25.4,(X)
0500000US26077,26077,"Kalamazoo County, Michigan",100735,1793,60469,2415,43915,2423,40266,2437,7.7,1.4,4.5,1.4,0.8,0.5,14.0,2.9,7.0,1.3,4.0,1.4,1.1,0.7,12.1,2.6,12.0,1.5,7.4,1.6,3.2,1.2,18.5,2.8,11.9,1.8,10.4,1.9,9.2,2.3,15.7,3.2,14.8,1.8,13.5,2.1,11.5,2.0,15.8,3.0,16.5,1.8,18.5,2.4,21.1,3.1,13.6,3.2,12.4,1.5,16.3,2.2,20.0,2.9,5.6,1.5,10.8,1.3,15.2,1.9,19.0,2.3,3.1,1.4,3.7,0.8,5.7,1.3,7.6,1.8,0.7,0.5,3.3,0.9,4.7,1.4,6.5,1.9,1.1,0.7,45854,2243,62830,2631,80186,3181,28656,2037,63179,3115,78098,4577,N,N,38624,3485,27.9,(X),(X),(X),(X),(X),(X),(X),(X),(X),26.5,(X),(X),(X),(X),(X),(X),(X),(X),(X),(X),(X),28.5,(X)
0500000US26081,26081,"Kent County, Michigan",230446,2780,151770,3414,114943,3490,78676,3471,6.7,0.8,4.4,0.9,1.7,0.6,12.8,1.8,5.1,0.7,2.3,0.5,1.4,0.5,10.7,1.7,9.6,1.0,6.7,1.1,3.5,0.9,16.6,2.0,11.1,1.0,9.6,1.2,6.8,1.0,14.4,1.9,15.2,1.3,13.4,1.6,11.6,1.5,18.3,2.2,20.5,1.4,22.6,1.7,24.5,2.2,14.6,2.0,12.1,1.0,14.8,1.1,17.3,1.5,6.5,1.7,12.5,0.9,16.7,1.3,20.8,1.6,4.0,1.2,3.7,0.5,4.9,0.8,6.3,1.0,1.1,0.5,3.5,0.5,4.8,0.7,6.1,0.9,0.8,0.7,51992,1328,65067,2096,75709,2606,31153,1400,69296,1896,82808,2671,96371,3364,40511,2444,24.7,(X),(X),(X),(X),(X),(X),(X),(X),(X),24.9,(X),(X),(X),(X),(X),(X),(X),(X),(X),(X),(X),23.2,(X)
0500000US26087,26087,"Lapeer County, Michigan",32998,901,25089,1345,N,N,7909,960,5.3,1.6,4.8,2.0,N,N,11.4,3.8,3.1,1.4,0.8,0.6,N,N,10.7,5.0,10.0,1.8,8.5,2.3,N,N,17.7,4.1,9.6,2.3,7.4,2.0,N,N,14.7,5.0,18.9,2.9,18.9,2.9,N,N,17.8,6.6,21.5,3.0,22.6,3.6,N,N,16.6,4.9,13.6,2.4,15.5,2.9,N,N,5.8,3.3,11.8,2.3,13.3,2.8,N,N,5.3,4.0,4.4,1.7,5.8,2.3,N,N,0.0,1.5,1.8,0.9,2.4,1.1,N,N,0.0,1.5,52960,5542,60310,2896,68631,5098,32093,5518,65218,3466,71847,4552,N,N,39073,4810,32.6,(X),(X),(X),(X),(X),(X),(X),(X),(X),31.1,(X),(X),(X),(X),(X),(X),(X),(X),(X),(X),(X),33.0,(X)
0500000US26091,26091,"Lenawee County, Michigan",37270,1271,24001,1470,18735,1350,13269,1241,5.2,1.3,2.7,1.4,0.8,0.5,10.0,2.6,6.2,1.7,5.1,1.8,2.8,1.4,8.9,3.6,12.1,2.4,7.8,2.3,5.6,2.3,20.9,5.1,11.8,2.1,8.8,2.3,6.9,2.3,17.3,5.1,19.1,2.6,18.6,2.8,19.1,3.3,19.4,5.6,20.7,2.9,23.6,3.4,25.0,3.9,14.9,4.1,12.8,2.2,15.8,2.7,18.0,3.3,6.9,3.6,9.2,1.8,13.5,2.7,16.5,3.2,1.4,1.0,1.5,0.6,2.3,0.9,3.0,1.1,0.0,0.9,1.4,0.6,1.9,0.9,2.3,1.1,0.3,0.3,45938,2554,58381,4666,65310,2912,30761,3551,56687,3315,67125,4409,N,N,36534,3328,27.2,(X),(X),(X),(X),(X),(X),(X),(X),(X),22.9,(X),(X),(X),(X),(X),(X),(X),(X),(X),(X),(X),34.6,(X)
0500000US26093,26093,"Livingston County, Michigan",68221,1149,49507,1845,40489,1741,18714,1701,2.7,0.7,1.6,0.7,0.5,0.4,5.7,2.1,3.2,1.0,1.0,0.6,0.5,0.6,10.0,2.9,7.8,1.4,4.0,1.2,2.1,0.7,17.8,3.7,7.2,1.3,5.0,1.3,3.7,1.2,14.1,3.3,11.2,1.7,11.6,1.8,10.6,2.1,12.6,3.1,22.3,2.5,21.5,2.5,20.1,2.5,23.5,4.7,15.2,1.5,16.7,2.1,17.9,2.4,9.2,2.9,17.9,1.8,22.8,2.3,25.7,2.6,5.0,1.8,7.9,1.3,10.1,1.7,11.9,2.1,1.6,0.9,4.5,0.9,5.8,1.2,7.0,1.5,0.6,0.6,70707,1792,82637,4011,92506,3922,37333,5537,84786,3463,97693,4610,107432,5415,47211,3348,29.1,(X),(X),(X),(X),(X),(X),(X),(X),(X),30.3,(X),(X),(X),(X),(X),(X),(X),(X),(X),(X),(X),24.1,(X)
0500000US26099,26099,"Macomb County, Michigan",335982,2773,222249,4422,158921,4236,113733,4297,6.3,0.7,4.7,0.7,1.6,0.5,11.3,1.6,4.9,0.6,3.2,0.6,1.1,0.4,8.6,1.3,10.8,0.8,6.8,0.8,4.5,0.7,19.2,1.8,10.4,0.7,8.5,0.9,5.8,0.9,14.1,1.4,14.9,0.9,13.5,1.1,12.4,1.1,17.7,1.7,19.1,1.0,20.4,1.3,21.6,1.5,15.4,1.5,13.6,0.8,16.1,1.0,18.7,1.3,7.7,1.3,13.3,0.8,17.4,1.1,22.3,1.5,4.6,0.9,4.2,0.5,5.8,0.7,7.4,0.9,0.9,0.3,2.6,0.4,3.6,0.6,4.6,0.9,0.4,0.3,52851,1461,65243,1712,78672,2641,32042,1613,67512,1918,79524,2623,92528,3363,41377,1580,29.3,(X),(X),(X),(X),(X),(X),(X),(X),(X),30.0,(X),(X),(X),(X),(X),(X),(X),(X),(X),(X),(X),26.7,(X)
0500000US26103,26103,"Marquette County, Michigan",25676,1067,15598,1024,N,N,10078,994,9.5,2.5,4.1,2.1,N,N,18.6,4.7,8.1,2.3,3.4,2.1,N,N,15.7,5.1,11.4,2.1,7.4,2.4,N,N,18.7,4.4,11.6,2.2,8.3,2.4,N,N,16.5,4.0,14.0,2.9,15.7,3.4,N,N,11.6,3.8,20.1,2.8,25.5,4.2,N,N,10.9,3.5,10.2,2.2,14.5,3.1,N,N,3.8,2.2,9.4,2.0,12.9,3.3,N,N,2.3,1.6,2.8,1.3,4.4,2.1,N,N,0.3,0.5,3.0,1.3,3.9,1.8,N,N,1.6,2.1,45011,4111,59101,5035,66908,5252,22721,2903,60218,5048,73910,5758,N,N,37006,10624,30.3,(X),(X),(X),(X),(X),(X),(X),(X),(X),34.0,(X),(X),(X),(X),(X),(X),(X),(X),(X),(X),(X),24.5,(X)
0500000US26111,26111,"Midland County, Michigan",33858,887,21937,1381,17448,1350,11921,1161,9.2,2.6,6.5,2.2,1.6,1.1,18.4,5.5,4.8,1.3,3.0,1.2,2.3,1.4,7.7,2.9,9.4,2.0,6.3,2.4,5.0,2.1,15.3,4.4,10.5,2.4,7.9,2.2,6.9,2.4,13.2,4.3,16.2,3.2,13.9,3.5,13.0,3.4,21.5,5.9,16.4,2.3,19.0,3.1,19.2,3.6,10.3,3.7,13.0,2.3,14.9,2.9,17.4,3.7,7.9,3.6,10.9,2.2,14.7,3.2,17.7,3.9,3.7,2.2,4.6,1.5,6.6,2.2,8.1,2.8,0.8,0.9,5.1,1.8,7.2,2.6,8.7,3.2,1.2,1.5,49913,4949,66513,4168,76558,5437,30811,4068,70375,5855,85985,8113,N,N,39365,4765,26.9,(X),(X),(X),(X),(X),(X),(X),(X),(X),24.8,(X),(X),(X),(X),(X),(X),(X),(X),(X),(X),(X),29.8,(X)
0500000US26115,26115,"Monroe County, Michigan",58479,1263,38468,2149,29030,1927,20011,2164,6.3,1.4,4.7,1.7,1.5,0.8,10.6,3.0,6.3,1.6,4.8,1.6,2.6,1.8,9.2,3.2,9.7,1.6,5.8,1.8,3.2,1.2,17.3,3.3,11.0,2.4,7.8,2.2,6.2,1.9,17.5,4.9,14.7,2.3,14.7,2.8,13.1,3.2,16.2,3.8,19.8,2.6,20.3,2.7,22.7,3.4,18.1,4.6,12.7,2.0,16.8,3.0,18.4,3.4,5.6,2.0,13.2,1.8,16.4,2.2,21.0,2.5,4.3,2.1,3.5,0.8,5.2,1.2,6.7,1.6,0.1,0.2,2.8,1.0,3.5,1.3,4.7,1.7,1.1,1.2,53561,5225,67408,2695,75582,3048,31593,3431,67005,4278,78688,5708,N,N,41345,4657,27.4,(X),(X),(X),(X),(X),(X),(X),(X),(X),27.1,(X),(X),(X),(X),(X),(X),(X),(X),(X),(X),(X),27.3,(X)
0500000US26121,26121,"Muskegon County, Michigan",65559,1217,44306,1948,31096,1772,21253,1657,9.5,1.8,7.3,2.1,1.8,1.3,16.8,4.3,6.8,1.4,5.0,1.4,2.2,1.1,11.8,3.4,13.5,2.0,9.6,3.0,6.1,2.1,21.6,3.4,13.5,1.9,12.9,2.3,11.3,2.0,15.6,3.4,13.8,1.7,13.9,2.1,13.9,2.3,13.3,3.2,21.0,2.0,22.8,2.6,27.7,3.3,15.7,3.4,10.7,1.8,12.8,2.3,15.7,2.9,4.2,1.9,7.8,1.3,10.8,1.8,14.3,2.6,0.8,0.6,2.3,0.8,3.3,1.2,4.6,1.7,0.1,0.2,1.2,0.5,1.6,0.7,2.3,0.9,0.0,0.6,41630,2311,50854,2588,61868,2575,24823,3085,52010,2099,60400,2805,72633,3496,30463,2090,30.0,(X),(X),(X),(X),(X),(X),(X),(X),(X),29.2,(X),(X),(X),(X),(X),(X),(X),(X),(X),(X),(X),29.7,(X)
0500000US26125,26125,"Oakland County, Michigan",493007,3207,322168,4674,249769,4543,170839,4477,5.9,0.5,3.4,0.5,1.0,0.3,11.6,1.3,3.7,0.4,2.1,0.4,0.8,0.2,6.9,1.0,8.4,0.7,5.1,0.6,3.2,0.6,15.3,1.3,7.6,0.5,5.9,0.7,4.0,0.6,11.7,1.1,12.2,0.7,9.7,0.8,7.9,0.9,16.0,1.4,17.2,0.7,16.9,0.9,16.5,1.0,16.6,1.2,12.9,0.7,14.5,0.8,15.5,0.9,10.2,1.1,17.3,0.8,21.8,1.0,25.5,1.2,7.5,1.0,6.9,0.4,9.5,0.6,11.7,0.8,1.8,0.3,8.1,0.5,11.2,0.7,13.9,0.8,2.3,0.5,67202,1539,86120,1707,101158,1476,38602,2031,91213,1617,109922,2310,125516,2753,53505,2204,29.8,(X),(X),(X),(X),(X),(X),(X),(X),(X),29.6,(X),(X),(X),(X),(X),(X),(X),(X),(X),(X),(X),28.7,(X)
0500000US26139,26139,"Ottawa County, Michigan",95068,1717,70222,2055,56884,2292,24846,1642,5.8,1.4,3.6,1.5,1.1,0.6,12.4,3.5,2.8,1.0,1.8,0.9,0.6,0.4,6.6,2.5,8.7,1.5,5.5,1.3,3.2,1.0,20.8,4.1,10.8,1.4,8.3,1.5,7.4,1.5,16.9,3.4,14.0,1.6,13.9,2.0,12.3,1.8,15.5,3.9,21.8,2.1,23.3,2.5,24.8,2.8,14.1,3.1,14.4,1.7,16.7,1.9,19.3,2.2,7.1,2.8,14.1,1.7,17.3,2.2,20.0,2.5,4.6,2.3,4.4,0.9,5.7,1.2,6.8,1.5,0.5,0.7,3.2,0.8,3.9,1.0,4.4,1.1,1.3,0.9,57517,2418,67517,3104,75682,3726,30177,2357,73264,3338,82941,4697,N,N,42932,4281,27.3,(X),(X),(X),(X),(X),(X),(X),(X),(X),25.0,(X),(X),(X),(X),(X),(X),(X),(X),(X),(X),(X),32.7,(X)
0500000US26145,26145,"Saginaw County, Michigan",77518,1513,49173,2123,34286,2027,28345,2149,10.8,1.7,7.0,1.7,1.2,0.5,18.6,3.3,6.5,1.4,4.6,1.4,1.5,0.9,10.8,3.1,12.4,1.7,7.9,1.9,4.4,1.5,19.8,3.5,13.1,1.8,10.6,1.8,7.9,1.9,17.1,3.2,14.9,1.9,15.2,2.4,15.7,2.7,14.0,2.8,17.5,1.8,20.9,2.2,24.5,2.6,11.5,3.0,11.8,1.7,15.4,2.4,19.2,3.2,4.7,1.9,8.3,1.2,11.7,1.8,16.3,2.5,2.1,1.2,2.2,0.7,3.0,1.2,4.1,1.7,0.8,0.6,2.5,0.9,3.7,1.3,5.1,1.9,0.5,0.5,41548,1906,54169,2413,68202,3971,25339,2113,56990,3269,69466,4283,N,N,33973,3504,34.0,(X),(X),(X),(X),(X),(X),(X),(X),(X),33.3,(X),(X),(X),(X),(X),(X),(X),(X),(X),(X),(X),34.6,(X)
0500000US26147,26147,"St. Clair County, Michigan",63462,1375,41493,1638,31908,1465,21969,1698,8.1,1.5,4.8,1.3,1.2,0.7,15.9,3.9,6.6,1.2,4.2,1.4,1.8,1.1,11.1,2.6,10.7,1.4,7.3,1.8,5.9,1.6,18.9,3.1,9.8,1.3,8.1,1.4,7.8,1.4,12.6,2.8,14.5,2.0,15.0,2.4,14.5,2.6,13.8,3.0,21.4,2.2,24.0,2.7,25.3,2.8,15.3,3.4,13.3,1.8,15.1,2.1,17.7,2.7,9.3,3.2,10.6,1.4,15.0,2.0,17.6,2.3,2.5,1.1,3.6,0.9,4.4,1.0,5.6,1.3,0.3,0.3,1.5,0.6,2.0,0.8,2.6,1.1,0.3,0.4,50285,2451,62034,4544,70186,3939,27904,3227,60711,2637,71666,3453,N,N,36551,2588,24.5,(X),(X),(X),(X),(X),(X),(X),(X),(X),25.3,(X),(X),(X),(X),(X),(X),(X),(X),(X),(X),(X),21.2,(X)
0500000US26155,26155,"Shiawassee County, Michigan",28093,639,19410,1085,N,N,8683,940,8.4,2.5,7.4,3.1,N,N,12.0,4.8,5.3,1.8,2.8,1.4,N,N,12.3,5.4,14.2,3.2,8.2,2.3,N,N,25.9,6.7,13.0,2.4,10.2,2.6,N,N,19.1,5.3,17.9,2.7,19.9,3.4,N,N,13.9,4.5,20.4,3.2,23.6,3.8,N,N,12.9,4.7,10.1,2.4,13.2,3.3,N,N,3.2,2.1,8.6,1.8,11.9,2.4,N,N,0.6,1.0,1.5,0.7,1.9,1.0,N,N,0.1,0.2,0.7,0.5,1.0,0.7,N,N,0.0,1.3,41892,4159,51463,4566,56730,4405,24905,5124,51095,3022,59717,4243,N,N,29981,3033,22.4,(X),(X),(X),(X),(X),(X),(X),(X),(X),23.9,(X),(X),(X),(X),(X),(X),(X),(X),(X),(X),(X),16.2,(X)
0500000US26159,26159,"Van Buren County, Michigan",29341,1361,19621,1381,N,N,9720,1179,8.5,2.7,3.3,2.0,N,N,20.7,6.5,7.2,2.0,5.3,2.1,N,N,12.5,4.7,11.2,2.3,7.1,2.4,N,N,20.0,5.5,12.8,2.3,13.3,2.9,N,N,13.3,4.3,14.6,2.7,16.0,3.1,N,N,8.6,3.0,20.0,3.2,21.5,3.8,N,N,15.2,5.7,13.6,2.9,17.6,3.8,N,N,5.3,4.1,8.3,2.1,11.3,3.0,N,N,2.2,1.3,2.6,1.1,3.1,1.5,N,N,1.4,1.4,1.2,0.7,1.4,1.0,N,N,0.7,0.9,45081,3794,55501,5251,63329,6155,22355,3821,55391,3075,63605,3664,N,N,36442,6277,33.1,(X),(X),(X),(X),(X),(X),(X),(X),(X),33.8,(X),(X),(X),(X),(X),(X),(X),(X),(X),(X),(X),31.0,(X)
0500000US26161,26161,"Washtenaw County, Michigan",137728,2880,78432,2483,59968,2181,59296,2632,8.5,1.2,4.5,1.2,2.1,1.0,14.2,2.2,4.0,0.8,1.4,0.5,0.6,0.3,7.6,1.5,9.6,1.2,6.1,1.2,2.0,0.7,14.6,2.0,8.7,1.1,5.8,1.1,3.8,1.0,12.6,1.9,12.9,1.5,10.0,1.6,8.1,1.7,17.4,2.6,14.8,1.6,15.0,2.0,14.6,2.1,14.5,2.3,11.4,1.4,13.2,1.7,14.7,1.9,8.4,1.9,15.9,1.2,22.2,1.9,26.6,2.4,7.1,1.5,6.6,1.0,9.9,1.5,12.4,1.9,2.1,0.9,7.5,0.9,11.8,1.4,15.2,1.8,1.5,0.6,59660,2846,89290,4084,105144,4725,35962,2908,83022,2499,108182,3862,N,N,47978,2638,25.5,(X),(X),(X),(X),(X),(X),(X),(X),(X),24.9,(X),(X),(X),(X),(X),(X),(X),(X),(X),(X),(X),25.3,(X)
0500000US26163,26163,"Wayne County, Michigan",664415,5107,416204,7063,248796,5334,248211,6368,13.3,0.6,9.4,0.7,2.7,0.5,21.4,1.3,7.1,0.4,5.0,0.5,2.0,0.4,11.1,0.8,12.6,0.6,10.2,0.8,6.3,0.7,17.2,1.1,11.4,0.6,10.3,0.7,8.1,0.7,13.0,0.9,13.6,0.6,13.2,0.9,12.0,1.1,14.4,1.0,16.3,0.6,17.9,0.7,20.0,1.0,12.7,1.0,10.2,0.5,12.6,0.7,16.9,1.1,5.4,0.6,9.6,0.6,12.8,0.8,18.9,1.2,3.6,0.5,3.4,0.3,5.1,0.4,7.9,0.7,0.5,0.2,2.5,0.2,3.4,0.4,5.3,0.6,0.7,0.2,40487,720,52170,1430,73344,1868,25164,1151,57325,968,69060,1429,90000,2064,35222,1126,35.5,(X),(X),(X),(X),(X),(X),(X),(X),(X),36.9,(X),(X),(X),(X),(X),(X),(X),(X),(X),(X),(X),31.2,(X)
0500000US27003,27003,"Anoka County, Minnesota",124047,1165,89106,2433,71642,2256,34941,2413,3.8,0.8,2.2,0.8,0.5,0.3,9.1,2.0,2.6,0.6,1.4,0.5,0.5,0.3,6.2,1.5,7.4,1.2,4.4,0.9,2.3,0.9,16.6,3.3,8.0,1.1,6.1,1.3,4.6,1.1,12.2,2.4,11.3,1.1,9.5,1.2,8.0,1.0,16.6,2.8,20.1,1.5,20.6,1.6,20.2,1.8,18.9,3.5,16.2,1.3,17.7,1.5,19.0,1.7,11.6,2.7,19.6,1.4,24.3,1.6,28.6,1.8,5.9,1.4,7.4,0.9,9.7,1.2,11.2,1.4,1.4,0.9,3.6,0.8,4.2,0.9,5.2,1.1,1.5,1.3,70800,2110,83213,3126,92998,3882,40525,2515,81729,2449,92338,2819,102225,3078,50084,4125,26.2,(X),(X),(X),(X),(X),(X),(X),(X),(X),24.5,(X),(X),(X),(X),(X),(X),(X),(X),(X),(X),(X),27.6,(X)
0500000US27013,27013,"Blue Earth County, Minnesota",24736,675,14512,1010,N,N,10224,1050,9.5,3.0,3.8,2.0,N,N,18.5,6.6,5.0,1.8,2.2,1.5,N,N,9.4,3.8,10.8,2.7,5.2,2.4,N,N,20.2,5.2,9.0,1.9,4.1,1.5,N,N,15.8,4.3,13.1,2.5,9.6,3.3,N,N,16.6,4.8,19.9,3.3,24.3,4.3,N,N,12.3,4.6,12.8,2.5,20.7,3.8,N,N,2.8,1.8,11.4,2.2,17.5,3.3,N,N,2.7,2.2,5.1,1.7,6.7,2.3,N,N,1.4,1.2,3.5,1.3,5.8,2.3,N,N,0.1,0.2,51858,3000,75657,4339,79420,4805,25608,2461,70419,6050,92039,8245,N,N,37555,8289,31.6,(X),(X),(X),(X),(X),(X),(X),(X),(X),29.4,(X),(X),(X),(X),(X),(X),(X),(X),(X),(X),(X),34.2,(X)
0500000US27019,27019,"Carver County, Minnesota",34659,657,25845,1079,N,N,8814,1020,3.1,1.3,1.6,1.1,N,N,7.6,3.8,1.6,0.8,0.7,0.6,N,N,4.3,2.8,4.8,1.8,1.8,1.0,N,N,13.8,6.7,6.3,1.9,4.3,2.1,N,N,12.5,4.7,9.7,2.6,8.8,2.7,N,N,15.1,7.1,19.8,2.8,16.8,2.8,N,N,29.7,8.5,15.4,2.9,17.6,3.9,N,N,8.4,4.0,19.4,2.9,25.0,3.7,N,N,3.7,2.3,9.6,2.0,11.4,2.4,N,N,3.5,2.6,10.3,1.9,12.0,2.4,N,N,1.5,1.5,82333,6813,97159,6627,104868,7481,46229,9970,108091,9031,124773,11506,N,N,51791,5626,23.3,(X),(X),(X),(X),(X),(X),(X),(X),(X),22.7,(X),(X),(X),(X),(X),(X),(X),(X),(X),(X),(X),22.4,(X)
0500000US27037,27037,"Dakota County, Minnesota",157195,1479,109852,2612,87093,2680,47343,2569,4.0,0.8,2.6,0.8,0.9,0.6,7.8,1.7,2.3,0.5,0.9,0.5,0.6,0.5,5.8,1.4,7.0,0.9,5.3,1.0,2.4,0.7,13.2,2.1,7.9,1.1,5.4,1.1,3.4,1.0,15.1,2.7,10.1,1.1,8.5,1.2,7.2,1.3,13.2,2.0,19.2,1.5,18.1,1.6,17.4,1.8,22.0,3.3,16.0,1.5,16.9,1.6,17.8,1.8,13.5,2.8,18.6,1.3,22.9,1.7,26.8,2.0,5.6,1.4,8.2,0.9,10.5,1.1,12.5,1.4,2.5,1.0,6.6,0.7,8.9,1.0,11.0,1.2,1.1,0.6,73475,3805,87534,2818,100335,2924,41971,2673,91821,2534,106101,3142,119627,3695,53907,3253,22.5,(X),(X),(X),(X),(X),(X),(X),(X),(X),23.0,(X),(X),(X),(X),(X),(X),(X),(X),(X),(X),(X),19.6,(X)
0500000US27053,27053,"Hennepin County, Minnesota",489690,3192,280769,4747,209853,4811,208921,4399,5.9,0.6,3.5,0.5,1.0,0.3,9.9,1.0,4.6,0.5,2.3,0.6,1.0,0.3,7.9,0.9,8.8,0.6,5.3,0.7,2.9,0.7,14.4,1.1,8.0,0.6,6.0,0.7,4.1,0.6,10.9,1.0,12.2,0.6,9.9,0.9,8.4,0.8,15.6,1.0,17.2,0.9,17.1,1.0,16.1,1.2,17.4,1.4,12.8,0.7,13.9,1.0,15.1,1.2,10.6,1.0,16.6,0.8,21.4,1.1,25.2,1.4,9.0,1.0,6.3,0.4,9.3,0.7,11.9,0.9,1.9,0.4,7.5,0.6,11.2,0.8,14.4,1.0,2.5,0.5,64379,1438,84836,2588,101609,1644,41071,1177,89820,2310,111666,3420,130826,4243,58141,2865,24.0,(X),(X),(X),(X),(X),(X),(X),(X),(X),23.9,(X),(X),(X),(X),(X),(X),(X),(X),(X),(X),(X),22.9,(X)
0500000US27109,27109,"Olmsted County, Minnesota",58203,1283,38155,1793,N,N,20048,1505,4.7,1.3,2.1,1.2,N,N,10.7,3.2,2.9,1.1,1.9,1.3,N,N,5.2,2.0,7.7,1.6,3.9,1.1,N,N,16.0,3.9,9.4,1.6,6.0,1.6,N,N,16.3,3.7,12.8,1.8,11.6,2.4,N,N,17.6,3.9,18.7,2.0,19.3,2.3,N,N,14.3,3.3,14.5,2.1,17.9,2.8,N,N,7.1,2.2,15.4,1.9,18.7,2.6,N,N,8.9,2.8,6.6,1.4,8.7,1.9,N,N,2.1,1.5,7.2,1.2,10.0,1.7,N,N,1.9,1.4,65665,2409,81884,2982,93891,3209,36233,3557,89647,3582,108125,5173,N,N,51212,5589,23.8,(X),(X),(X),(X),(X),(X),(X),(X),(X),22.9,(X),(X),(X),(X),(X),(X),(X),(X),(X),(X),(X),24.4,(X)
0500000US27123,27123,"Ramsey County, Minnesota",206353,1964,117618,3127,85561,3189,88735,3074,7.8,0.9,4.3,0.8,1.1,0.5,13.4,1.6,4.1,0.5,2.7,0.7,1.8,0.6,6.1,0.9,10.4,1.0,7.1,1.2,4.5,1.2,15.6,2.0,9.8,1.1,7.4,1.3,4.7,1.0,13.6,1.9,12.6,1.0,11.3,1.5,9.0,1.5,14.7,1.8,17.9,1.1,18.4,1.5,19.1,1.7,17.2,1.8,12.5,1.1,14.3,1.5,15.8,1.7,9.0,1.5,15.0,1.0,20.0,1.5,25.0,1.9,7.4,1.1,5.4,0.6,7.8,1.0,10.1,1.4,1.8,0.6,4.4,0.5,6.8,0.8,9.0,1.0,1.3,0.5,56734,2201,73371,3967,89335,3419,36041,1944,74347,2083,91852,3227,108536,3823,48358,2204,23.3,(X),(X),(X),(X),(X),(X),(X),(X),(X),24.3,(X),(X),(X),(X),(X),(X),(X),(X),(X),(X),(X),21.3,(X)
0500000US27131,27131,"Rice County, Minnesota",22361,948,15856,958,N,N,6505,858,4.3,2.0,3.7,2.3,N,N,6.2,3.8,4.6,1.8,2.6,2.3,N,N,12.9,5.2,9.7,2.6,5.8,2.7,N,N,20.1,6.4,9.3,2.8,8.6,3.3,N,N,10.5,4.3,16.0,3.5,13.6,4.2,N,N,21.4,7.5,18.9,3.2,18.8,3.9,N,N,18.9,6.8,14.9,3.4,20.0,4.5,N,N,5.8,4.8,13.6,2.5,16.8,3.1,N,N,3.1,2.7,5.1,2.0,5.7,2.0,N,N,0.2,0.4,3.7,1.3,4.4,1.5,N,N,0.9,1.0,58584,4493,71294,6379,80216,5302,35131,8699,73686,4719,82501,5495,N,N,42611,7166,22.5,(X),(X),(X),(X),(X),(X),(X),(X),(X),20.8,(X),(X),(X),(X),(X),(X),(X),(X),(X),(X),(X),20.2,(X)
0500000US27137,27137,"St. Louis County, Minnesota",84311,1679,48775,1846,37325,1827,35536,1791,8.3,1.4,4.0,1.4,0.5,0.4,15.5,2.2,6.1,1.0,2.2,0.8,1.2,0.6,11.7,2.1,13.4,1.8,8.1,1.6,4.0,1.3,21.3,3.2,11.2,1.4,9.3,1.4,6.7,1.5,14.3,2.5,14.9,1.6,14.2,2.0,14.3,2.4,15.0,2.5,17.8,1.6,22.6,2.2,25.3,2.7,10.3,1.7,12.4,1.4,16.7,2.2,19.5,2.4,6.6,1.5,10.9,1.2,16.0,1.8,19.9,2.3,3.2,1.1,2.7,0.6,3.9,0.9,4.9,1.1,0.7,0.5,2.4,0.6,2.9,0.8,3.7,1.0,1.6,0.9,45895,1912,61614,2744,72548,3241,25811,1722,59965,2185,74449,2850,N,N,38201,3106,26.1,(X),(X),(X),(X),(X),(X),(X),(X),(X),24.9,(X),(X),(X),(X),(X),(X),(X),(X),(X),(X),(X),26.5,(X)
0500000US27139,27139,"Scott County, Minnesota",46196,1163,35379,1783,N,N,10817,1434,3.2,1.2,1.4,0.8,N,N,9.8,4.6,1.6,0.9,1.4,1.1,N,N,2.1,1.6,5.5,1.9,3.9,2.1,N,N,11.2,4.0,7.0,1.6,6.7,2.2,N,N,9.8,3.8,8.2,1.7,5.9,2.0,N,N,19.0,4.8,20.2,3.2,20.1,3.8,N,N,20.8,6.5,14.2,2.2,15.1,2.6,N,N,9.1,4.8,21.3,3.4,22.5,3.9,N,N,14.3,5.4,11.3,2.7,13.9,3.3,N,N,2.2,1.8,7.5,1.8,9.1,2.3,N,N,1.8,1.7,83173,6436,92576,6993,102638,6215,46624,7028,99996,5219,110177,7083,N,N,61610,9891,21.6,(X),(X),(X),(X),(X),(X),(X),(X),(X),21.2,(X),(X),(X),(X),(X),(X),(X),(X),(X),(X),(X),22.0,(X)
0500000US27141,27141,"Sherburne County, Minnesota",29288,1364,22812,1626,N,N,6476,1251,4.2,2.0,3.1,2.0,N,N,9.4,7.3,1.5,1.0,0.7,0.9,N,N,4.2,2.6,5.0,2.4,3.4,2.4,N,N,14.4,7.5,7.0,2.4,6.2,3.2,N,N,11.6,5.6,10.1,2.3,9.0,2.7,N,N,8.9,5.0,21.6,4.4,24.1,5.4,N,N,22.7,7.6,20.3,3.7,19.8,3.6,N,N,15.3,7.1,19.4,3.5,21.4,4.3,N,N,8.2,5.1,8.0,2.4,9.0,2.8,N,N,4.3,4.8,3.0,1.4,3.5,1.7,N,N,1.2,2.0,76036,7217,81221,6276,89518,6934,51672,11441,84366,4532,89670,5687,N,N,58973,9259,20.4,(X),(X),(X),(X),(X),(X),(X),(X),(X),19.8,(X),(X),(X),(X),(X),(X),(X),(X),(X),(X),(X),20.7,(X)
0500000US27145,27145,"Stearns County, Minnesota",57623,1128,36765,1378,28955,1515,20858,1584,6.2,1.7,2.5,1.2,0.8,0.5,14.5,4.1,5.2,1.3,2.6,1.2,1.2,0.7,9.6,2.9,8.7,1.5,5.7,1.6,4.0,1.3,14.3,3.0,9.1,1.6,6.9,1.6,4.8,1.4,15.0,3.7,13.3,2.1,12.6,2.3,11.6,2.4,15.0,3.7,21.3,2.7,22.5,2.9,23.0,2.8,17.8,4.8,16.6,2.2,20.5,2.7,22.3,2.9,7.9,3.5,12.5,1.7,16.6,2.4,20.2,3.0,4.4,2.2,3.9,1.0,5.6,1.4,6.8,1.8,1.1,1.7,3.2,0.8,4.6,1.2,5.3,1.4,0.5,0.5,57763,3332,71991,3950,81975,4361,32157,3292,71390,3448,86511,4758,N,N,42093,4661,32.5,(X),(X),(X),(X),(X),(X),(X),(X),(X),27.8,(X),(X),(X),(X),(X),(X),(X),(X),(X),(X),(X),39.6,(X)
0500000US27163,27163,"Washington County, Minnesota",90586,1130,65402,2113,53407,2088,25184,1914,2.6,0.7,1.4,0.7,0.2,0.2,6.6,2.0,2.2,0.8,1.1,0.7,0.5,0.4,5.3,2.2,7.0,1.4,4.1,1.2,2.6,1.0,15.5,3.5,6.6,1.1,3.9,1.1,2.4,0.8,13.2,3.1,10.5,1.5,9.0,1.7,6.8,1.5,14.9,2.8,17.7,2.0,17.8,2.4,16.3,2.2,18.4,3.9,16.1,1.9,17.3,2.3,18.5,2.6,12.8,3.7,21.6,2.0,26.1,2.7,29.8,3.1,7.7,2.2,7.4,1.2,8.6,1.6,10.2,1.9,3.2,1.7,8.4,1.4,10.7,1.7,12.7,2.1,2.4,1.6,80748,2307,92455,4471,103337,4929,44314,5400,97033,3497,110353,4408,N,N,58271,5055,21.8,(X),(X),(X),(X),(X),(X),(X),(X),(X),23.1,(X),(X),(X),(X),(X),(X),(X),(X),(X),(X),(X),17.6,(X)
0500000US27171,27171,"Wright County, Minnesota",45028,979,35223,1708,N,N,9805,1506,2.6,1.1,1.1,0.7,N,N,9.2,4.4,1.7,0.7,1.7,1.1,N,N,5.0,2.7,7.7,1.9,4.7,1.8,N,N,23.6,7.6,8.0,1.8,6.6,2.0,N,N,13.5,4.8,10.7,2.5,10.3,2.5,N,N,10.0,5.0,21.0,2.9,21.6,3.4,N,N,24.0,6.0,17.5,2.8,20.5,3.4,N,N,6.4,3.4,21.4,3.1,22.5,3.4,N,N,6.5,3.8,5.4,1.7,6.4,2.1,N,N,0.9,0.7,3.9,1.3,4.7,1.7,N,N,0.8,1.3,71917,4176,79016,4169,90681,7533,32101,10052,82559,4150,89526,5042,N,N,45019,4929,31.8,(X),(X),(X),(X),(X),(X),(X),(X),(X),29.8,(X),(X),(X),(X),(X),(X),(X),(X),(X),(X),(X),34.3,(X)
0500000US28033,28033,"DeSoto County, Mississippi",59048,1110,44815,1641,31438,1801,14233,1582,4.0,1.1,2.2,1.0,0.6,0.5,9.6,3.2,3.0,1.0,2.9,1.3,1.5,1.2,3.4,1.8,11.0,2.0,7.9,2.1,4.4,1.8,23.1,4.7,9.9,2.2,8.2,2.2,6.5,2.0,16.6,5.4,12.5,2.2,12.9,2.5,8.8,2.2,17.7,5.0,23.7,2.4,22.8,2.8,21.9,2.9,21.5,5.4,13.6,2.6,17.0,3.1,21.5,3.9,3.7,1.9,16.3,2.6,18.2,3.1,23.8,4.2,3.6,2.5,3.9,1.2,5.1,1.6,7.1,2.2,0.0,1.3,2.3,0.9,2.8,1.1,4.0,1.6,0.8,1.0,58959,2775,67176,3896,80977,3161,31993,4285,69642,3024,77064,3919,N,N,40473,3788,25.4,(X),(X),(X),(X),(X),(X),(X),(X),(X),25.6,(X),(X),(X),(X),(X),(X),(X),(X),(X),(X),(X),22.8,(X)
0500000US28035,28035,"Forrest County, Mississippi",28256,1184,17345,1584,N,N,10911,1485,13.2,3.5,7.7,3.6,N,N,23.8,7.6,6.6,2.6,6.8,3.4,N,N,7.9,4.3,15.7,4.1,11.5,4.4,N,N,23.5,7.1,13.9,3.5,12.3,3.9,N,N,15.9,6.7,13.4,3.4,13.4,5.3,N,N,13.6,4.9,16.3,3.5,18.8,5.3,N,N,8.9,4.8,12.0,3.5,16.3,5.2,N,N,5.1,2.7,5.1,2.1,8.1,3.4,N,N,0.3,0.5,2.1,1.1,3.0,1.7,N,N,0.0,1.6,1.7,1.0,2.1,1.6,N,N,1.2,1.2,35422,4237,48581,6016,63660,11735,23204,3251,50290,5236,59997,6594,N,N,32086,5708,31.5,(X),(X),(X),(X),(X),(X),(X),(X),(X),30.8,(X),(X),(X),(X),(X),(X),(X),(X),(X),(X),(X),31.1,(X)
0500000US28047,28047,"Harrison County, Mississippi",75258,2577,48921,2690,31644,2443,26337,2169,10.5,1.8,9.0,2.3,2.8,1.5,17.7,4.0,8.1,1.6,6.2,2.0,3.2,1.3,11.2,3.2,12.3,2.2,11.2,2.7,7.5,2.5,17.3,3.9,10.0,2.1,11.1,2.7,7.2,2.0,8.1,3.2,17.1,2.8,13.1,2.7,14.8,3.7,21.7,5.0,18.7,2.3,20.4,3.2,24.6,4.1,12.8,3.7,10.3,1.9,12.4,2.7,16.9,3.7,6.5,2.7,9.9,1.8,12.7,2.4,17.7,3.4,3.6,1.9,1.9,0.6,2.2,0.8,2.9,1.1,0.5,0.6,1.3,0.7,1.7,1.0,2.4,1.4,0.6,0.7,42070,2689,48930,5060,59532,5846,28582,6752,52494,2386,58509,3464,N,N,36502,3562,32.1,(X),(X),(X),(X),(X),(X),(X),(X),(X),31.9,(X),(X),(X),(X),(X),(X),(X),(X),(X),(X),(X),26.7,(X)
0500000US28049,28049,"Hinds County, Mississippi",89320,2008,57531,2935,29241,2608,31789,2666,15.9,1.8,10.8,2.1,3.2,1.7,26.5,4.0,8.7,1.4,7.8,1.7,1.6,0.9,12.5,3.3,14.3,1.8,11.9,2.3,4.3,1.7,16.4,3.2,12.4,2.3,12.4,2.9,9.8,3.3,12.9,3.3,12.6,1.8,12.0,2.1,13.0,3.1,13.4,3.2,14.9,1.8,18.6,2.3,25.2,3.6,9.1,2.5,10.6,1.8,12.1,2.4,19.1,3.7,6.1,2.4,6.3,1.2,8.5,1.7,13.6,3.3,2.3,1.1,2.2,0.9,3.1,1.4,4.8,2.2,0.3,0.4,2.0,0.6,2.8,1.0,5.3,1.9,0.4,0.5,33719,2333,43626,4401,66597,5938,21292,1829,49884,2725,58025,3731,N,N,32900,5009,29.4,(X),(X),(X),(X),(X),(X),(X),(X),(X),31.7,(X),(X),(X),(X),(X),(X),(X),(X),(X),(X),(X),24.3,(X)
0500000US28059,28059,"Jackson County, Mississippi",49263,1874,33355,1990,21934,1958,15908,1764,8.6,1.9,5.8,2.2,1.5,1.2,14.5,4.9,7.5,2.8,3.7,2.3,0.8,1.0,15.7,5.7,8.8,1.7,8.8,2.2,4.7,2.1,11.2,3.7,12.5,2.8,9.8,2.8,7.5,3.1,19.1,5.6,16.6,3.0,16.1,3.4,16.5,4.3,18.2,5.2,20.5,2.8,22.0,3.6,24.2,5.0,15.6,5.3,11.0,2.2,14.1,2.9,18.5,4.3,2.4,1.8,9.6,2.2,12.5,3.1,16.8,4.5,3.2,2.0,3.8,1.4,5.6,2.1,7.4,2.8,0.2,0.3,1.0,0.9,1.5,1.3,2.1,1.9,0.0,1.1,47891,2054,57460,5450,70171,6159,29427,3164,57042,3018,67352,4165,N,N,33079,2905,33.3,(X),(X),(X),(X),(X),(X),(X),(X),(X),34.5,(X),(X),(X),(X),(X),(X),(X),(X),(X),(X),(X),29.0,(X)
0500000US28067,28067,"Jones County, Mississippi",24601,993,18081,1370,N,N,6520,1272,9.4,3.2,6.1,3.1,N,N,18.9,7.4,12.8,4.2,10.4,4.7,N,N,25.2,10.1,14.3,4.0,13.7,4.6,N,N,15.7,8.5,14.2,4.0,13.9,5.2,N,N,16.2,9.0,15.7,3.5,17.0,4.5,N,N,12.3,7.6,17.7,4.4,18.9,4.9,N,N,8.5,6.6,6.4,2.4,7.9,3.1,N,N,2.1,2.2,6.8,2.5,8.5,3.2,N,N,0.7,1.3,0.6,0.6,0.7,0.7,N,N,0.3,0.6,2.1,1.8,2.8,2.4,N,N,0.0,2.7,33915,5718,40396,5552,49032,8423,16839,5451,46452,4834,52868,5709,N,N,25265,4077,47.9,(X),(X),(X),(X),(X),(X),(X),(X),(X),47.5,(X),(X),(X),(X),(X),(X),(X),(X),(X),(X),(X),48.0,(X)
0500000US28075,28075,"Lauderdale County, Mississippi",31194,1242,21087,1539,N,N,10107,1301,9.5,2.7,10.4,4.1,N,N,14.6,5.3,9.3,3.0,6.8,3.5,N,N,15.0,4.9,18.0,3.5,16.2,4.6,N,N,23.5,6.6,15.5,3.6,13.9,4.4,N,N,10.7,4.9,12.3,2.7,11.2,3.1,N,N,14.5,5.5,13.9,3.1,14.4,3.3,N,N,12.2,6.6,8.2,2.6,10.7,3.6,N,N,3.0,2.7,8.3,2.7,9.4,3.5,N,N,5.9,4.2,3.0,1.4,4.2,2.2,N,N,0.5,0.7,2.1,1.3,2.8,1.8,N,N,0.0,1.8,32217,3872,40141,7601,66492,7213,22906,4126,55271,6609,61436,8830,N,N,33639,4915,34.3,(X),(X),(X),(X),(X),(X),(X),(X),(X),30.2,(X),(X),(X),(X),(X),(X),(X),(X),(X),(X),(X),40.1,(X)
0500000US28081,28081,"Lee County, Mississippi",32442,1066,22919,1434,N,N,9523,1099,9.9,3.4,6.8,2.5,N,N,21.5,8.7,6.5,2.3,5.0,2.5,N,N,10.5,4.8,12.1,2.9,8.5,2.6,N,N,21.7,7.3,10.7,3.1,9.5,3.7,N,N,12.8,5.2,16.1,3.7,14.8,3.7,N,N,15.6,5.3,21.3,3.3,25.9,4.5,N,N,9.2,4.4,10.4,2.6,13.7,3.6,N,N,4.0,3.3,9.0,2.5,10.2,3.1,N,N,4.6,4.7,2.7,1.3,3.7,1.9,N,N,0.1,0.2,1.3,0.9,1.9,1.3,N,N,0.0,1.9,42882,5186,55836,5371,63008,5272,21951,5662,54728,4420,63718,6018,N,N,30939,5283,31.8,(X),(X),(X),(X),(X),(X),(X),(X),(X),30.1,(X),(X),(X),(X),(X),(X),(X),(X),(X),(X),(X),35.7,(X)
0500000US28089,28089,"Madison County, Mississippi",36817,1070,27239,1611,N,N,9578,1402,5.7,1.8,3.2,2.0,N,N,13.8,5.4,4.5,1.9,3.5,2.0,N,N,7.5,4.6,7.9,2.6,4.2,1.8,N,N,18.5,8.0,6.8,2.0,5.6,2.2,N,N,9.1,4.8,13.5,3.3,11.5,4.2,N,N,20.5,6.9,19.2,3.5,19.2,4.2,N,N,19.9,7.7,11.3,3.2,13.4,4.2,N,N,4.3,2.6,15.6,3.8,19.3,4.8,N,N,4.1,3.4,5.7,2.3,7.7,3.1,N,N,0.0,1.9,9.7,2.6,12.3,3.5,N,N,2.3,2.2,66400,7629,81206,10186,98813,7999,35621,4538,91527,7933,108076,10138,N,N,43327,6858,29.0,(X),(X),(X),(X),(X),(X),(X),(X),(X),30.1,(X),(X),(X),(X),(X),(X),(X),(X),(X),(X),(X),24.9,(X)
0500000US28121,28121,"Rankin County, Mississippi",54237,1277,38589,2283,N,N,15648,2050,4.2,1.4,2.3,1.2,N,N,9.4,4.8,3.9,1.5,1.4,0.8,N,N,9.7,4.3,10.2,2.4,6.9,2.6,N,N,19.5,5.9,12.3,2.6,11.4,2.4,N,N,16.2,6.1,15.0,2.9,14.9,3.2,N,N,15.5,5.2,20.3,3.1,20.5,3.2,N,N,17.5,6.4,13.0,2.4,16.9,3.1,N,N,3.8,2.0,12.7,2.4,15.2,3.1,N,N,6.3,3.3,5.0,1.5,6.6,2.1,N,N,0.0,1.1,3.3,1.2,3.9,1.5,N,N,2.0,2.1,55209,4496,66202,5097,74635,6149,31412,5556,70226,4319,80103,5008,N,N,44072,7869,28.1,(X),(X),(X),(X),(X),(X),(X),(X),(X),28.8,(X),(X),(X),(X),(X),(X),(X),(X),(X),(X),(X),25.0,(X)
0500000US29019,29019,"Boone County, Missouri",67680,1773,37155,2232,N,N,30525,2278,11.4,2.1,4.0,1.7,N,N,21.0,4.7,6.5,1.5,3.6,2.0,N,N,10.5,2.7,9.9,2.6,5.2,2.3,N,N,15.2,4.5,9.9,1.9,5.7,1.7,N,N,14.8,3.9,13.5,2.0,12.8,2.7,N,N,16.4,3.6,18.7,2.6,23.8,3.3,N,N,11.7,3.3,10.5,2.0,15.0,3.3,N,N,4.1,1.9,10.2,2.0,15.1,3.3,N,N,3.8,1.7,5.3,1.9,8.0,3.0,N,N,1.9,2.2,4.1,1.2,6.8,1.9,N,N,0.6,0.7,48953,3513,67798,5100,81235,6576,27068,4485,66572,4926,87602,5714,N,N,39425,7168,30.3,(X),(X),(X),(X),(X),(X),(X),(X),(X),29.4,(X),(X),(X),(X),(X),(X),(X),(X),(X),(X),(X),30.5,(X)
0500000US29021,29021,"Buchanan County, Missouri",32448,1418,20912,1483,N,N,11536,1169,9.3,2.8,6.7,3.4,N,N,16.5,4.7,7.8,2.2,5.2,2.3,N,N,13.9,4.3,12.4,2.2,9.3,2.4,N,N,15.4,4.5,10.9,2.5,8.9,2.7,N,N,16.0,4.6,14.9,2.6,13.3,3.3,N,N,16.7,4.5,20.1,2.7,22.9,3.7,N,N,14.2,4.6,9.8,2.1,15.3,3.4,N,N,1.8,1.4,11.8,2.7,14.0,3.6,N,N,4.9,2.9,1.9,1.0,2.7,1.5,N,N,0.4,0.8,0.9,0.5,1.5,0.8,N,N,0.0,1.2,43895,3438,56928,5030,68237,6309,26929,3263,53623,3005,63460,3751,N,N,33438,3361,25.3,(X),(X),(X),(X),(X),(X),(X),(X),(X),26.7,(X),(X),(X),(X),(X),(X),(X),(X),(X),(X),(X),22.5,(X)
0500000US29031,29031,"Cape Girardeau County, Missouri",29621,1069,18957,1099,N,N,10664,1235,8.8,2.4,5.9,2.8,N,N,15.7,5.3,5.1,1.9,2.8,1.8,N,N,9.7,4.1,14.6,3.3,9.1,3.0,N,N,23.1,6.6,12.2,2.7,11.1,3.4,N,N,14.0,5.1,14.9,3.8,16.2,4.5,N,N,16.1,6.1,21.6,3.4,21.2,4.2,N,N,17.9,6.6,10.5,2.7,14.9,3.9,N,N,2.8,2.4,7.6,1.7,11.5,2.7,N,N,0.6,0.8,3.5,1.8,5.3,2.8,N,N,0.1,0.2,1.3,0.8,2.0,1.3,N,N,0.0,1.3,42760,3697,56495,5137,66962,6015,25574,3301,55407,4096,68231,5768,N,N,31169,4035,33.0,(X),(X),(X),(X),(X),(X),(X),(X),(X),33.0,(X),(X),(X),(X),(X),(X),(X),(X),(X),(X),(X),30.4,(X)
0500000US29037,29037,"Cass County, Missouri",37378,1060,29364,1491,N,N,8014,1177,4.9,2.0,2.3,1.7,N,N,16.4,7.0,5.5,1.8,1.8,1.5,N,N,19.1,6.4,7.0,1.8,4.6,1.7,N,N,15.3,5.9,8.9,2.3,8.3,2.9,N,N,12.0,4.7,12.0,2.8,13.3,3.7,N,N,9.3,3.9,21.8,4.1,23.6,4.5,N,N,11.0,5.6,15.0,3.2,16.9,4.0,N,N,9.5,4.4,14.5,2.8,17.0,3.4,N,N,5.8,5.1,6.4,2.0,7.1,2.5,N,N,1.6,1.6,4.0,1.6,5.1,2.0,N,N,0.0,1.7,64144,4418,70192,4239,77228,6183,24493,5043,78062,4991,87891,5977,N,N,38060,5347,23.4,(X),(X),(X),(X),(X),(X),(X),(X),(X),22.3,(X),(X),(X),(X),(X),(X),(X),(X),(X),(X),(X),24.7,(X)
0500000US29043,29043,"Christian County, Missouri",29915,776,22703,1308,N,N,7212,1226,3.7,2.0,1.8,1.6,N,N,9.4,6.1,2.7,1.3,1.0,0.8,N,N,8.8,4.7,9.9,2.8,7.2,2.6,N,N,22.5,7.8,13.5,2.8,12.6,4.0,N,N,24.7,7.5,18.4,3.5,19.0,4.3,N,N,13.7,6.0,21.7,3.5,23.4,4.1,N,N,11.6,6.7,12.3,2.9,13.4,2.9,N,N,4.3,3.8,9.5,2.4,11.3,3.0,N,N,2.8,2.9,4.9,2.2,6.4,2.9,N,N,0.1,0.2,3.5,1.7,4.0,2.2,N,N,2.2,2.6,51342,4185,61736,7131,67039,3738,29478,4298,69047,6197,77358,7908,N,N,37101,6756,27.5,(X),(X),(X),(X),(X),(X),(X),(X),(X),26.2,(X),(X),(X),(X),(X),(X),(X),(X),(X),(X),(X),31.4,(X)
0500000US29047,29047,"Clay County, Missouri",87712,1723,58289,2565,44537,2608,29423,2330,4.7,1.0,2.3,1.1,0.6,0.5,9.9,2.7,4.8,1.3,2.9,1.4,1.7,1.2,9.2,2.9,8.0,1.6,5.7,1.8,3.7,1.7,13.5,3.0,8.2,1.5,8.2,1.9,5.5,1.9,11.8,3.1,15.0,2.5,13.3,2.7,12.8,2.9,18.4,4.0,21.7,2.1,22.1,2.7,22.5,3.1,19.1,3.7,15.0,2.0,17.3,2.4,19.5,2.9,9.2,3.0,15.7,1.9,18.7,2.4,22.3,3.1,7.9,2.6,4.4,1.0,6.1,1.4,7.2,1.7,0.3,0.5,2.6,0.7,3.5,1.1,4.4,1.4,0.7,0.6,60541,2255,68856,2916,79586,4474,39001,2914,71540,2871,81897,3699,N,N,46601,3534,23.0,(X),(X),(X),(X),(X),(X),(X),(X),(X),22.1,(X),(X),(X),(X),(X),(X),(X),(X),(X),(X),(X),23.5,(X)
0500000US29051,29051,"Cole County, Missouri",28441,1172,17399,1523,N,N,11042,1532,6.9,2.7,5.2,3.1,N,N,9.5,5.0,6.7,2.8,4.8,2.3,N,N,10.6,5.3,9.3,3.0,6.5,2.5,N,N,14.2,6.3,10.1,3.0,10.1,3.8,N,N,11.0,4.7,16.1,3.1,11.2,3.0,N,N,21.9,6.3,20.9,3.3,22.9,4.2,N,N,17.7,5.4,13.0,3.0,16.4,4.2,N,N,9.3,4.6,11.5,2.5,15.3,3.5,N,N,3.7,2.3,2.7,1.1,3.9,1.7,N,N,0.7,1.1,2.9,1.3,3.8,1.8,N,N,1.5,1.6,50780,4791,61310,4598,70700,9480,37399,2619,63167,3930,73119,5692,N,N,46442,5993,40.7,(X),(X),(X),(X),(X),(X),(X),(X),(X),40.5,(X),(X),(X),(X),(X),(X),(X),(X),(X),(X),(X),39.4,(X)
0500000US29071,29071,"Franklin County, Missouri",39255,1098,27866,1627,N,N,11389,1446,5.0,1.7,4.3,1.8,N,N,7.7,3.6,4.8,1.4,2.3,1.7,N,N,12.1,4.0,14.7,3.0,10.1,3.6,N,N,28.0,7.4,11.7,2.3,10.1,2.8,N,N,17.6,5.6,13.5,2.6,13.0,3.6,N,N,14.5,5.2,21.6,3.4,23.5,3.5,N,N,12.2,5.2,13.0,2.7,15.3,3.5,N,N,5.8,2.6,11.3,2.6,15.3,3.6,N,N,1.5,1.5,1.6,0.8,2.3,1.2,N,N,0.0,1.2,2.8,1.4,3.8,2.0,N,N,0.6,0.9,50502,7412,59681,5240,68984,4311,27436,6606,62064,4787,72438,6752,N,N,33755,3506,26.7,(X),(X),(X),(X),(X),(X),(X),(X),(X),28.3,(X),(X),(X),(X),(X),(X),(X),(X),(X),(X),(X),22.3,(X)
0500000US29077,29077,"Greene County, Missouri",118068,2206,68400,3049,51058,2699,49668,3223,9.9,1.4,7.5,1.9,3.0,1.3,14.5,2.7,7.3,1.2,4.8,1.5,1.7,0.8,11.7,2.5,14.5,1.6,9.6,1.6,6.4,1.6,20.8,2.9,13.8,1.5,12.3,2.2,11.9,2.5,16.7,3.1,16.5,1.7,15.3,2.0,15.7,2.5,17.8,3.2,17.3,1.7,20.3,2.4,23.9,3.0,12.0,2.6,8.7,1.4,12.5,2.0,15.1,2.3,2.7,1.1,7.1,1.0,10.5,1.8,12.7,2.1,2.8,1.3,2.9,0.8,4.1,1.2,5.5,1.6,0.4,0.3,2.0,0.6,3.1,1.1,4.1,1.4,0.6,0.4,37779,1841,50468,2999,61794,3040,26523,2129,55116,2575,67409,3765,79496,4792,36588,4112,24.9,(X),(X),(X),(X),(X),(X),(X),(X),(X),22.9,(X),(X),(X),(X),(X),(X),(X),(X),(X),(X),(X),26.2,(X)
0500000US29095,29095,"Jackson County, Missouri",274269,3206,161444,4342,106450,3651,112825,3802,8.5,0.6,5.8,0.9,1.5,0.5,13.5,1.4,6.2,0.7,3.1,0.8,1.1,0.5,10.8,1.2,11.6,1.0,9.2,1.2,4.4,0.9,16.0,1.7,12.3,1.0,10.0,1.0,7.9,1.2,16.2,1.8,13.9,1.1,13.8,1.4,11.6,1.3,14.6,1.7,18.0,1.0,19.3,1.2,21.6,1.6,14.9,1.6,12.9,0.9,15.2,1.4,19.4,1.7,8.7,1.5,10.7,0.7,15.3,1.2,20.5,1.6,3.4,0.8,3.3,0.4,4.6,0.7,6.6,1.0,1.0,0.3,2.6,0.4,3.6,0.6,5.3,0.9,1.0,0.4,46768,1727,59100,2679,76821,2087,30535,1165,62141,1419,74867,2339,92677,3283,40832,1699,25.8,(X),(X),(X),(X),(X),(X),(X),(X),(X),28.0,(X),(X),(X),(X),(X),(X),(X),(X),(X),(X),(X),21.4,(X)
0500000US29097,29097,"Jasper County, Missouri",45456,1556,29878,1869,22242,1742,15578,1668,8.8,1.8,4.4,2.0,2.0,2.2,18.6,4.3,6.5,1.8,3.9,2.1,2.2,1.7,11.6,3.5,13.3,2.8,10.7,3.5,6.1,2.0,23.4,5.8,14.9,2.5,12.8,3.0,12.9,3.4,15.8,4.9,15.6,2.6,16.4,3.4,16.4,4.0,14.4,5.0,18.8,3.2,21.2,4.0,23.9,4.7,11.2,3.9,11.4,2.9,14.9,3.3,18.3,4.1,4.4,4.0,7.2,1.9,10.6,2.9,12.6,3.6,0.7,0.7,1.8,1.0,2.6,1.5,2.4,1.2,0.0,0.9,1.7,0.9,2.6,1.4,3.2,1.8,0.1,0.2,40967,2255,51729,4486,59058,5634,22939,3107,53828,3877,64493,5736,N,N,30557,4274,32.8,(X),(X),(X),(X),(X),(X),(X),(X),(X),34.5,(X),(X),(X),(X),(X),(X),(X),(X),(X),(X),(X),25.4,(X)
0500000US29099,29099,"Jefferson County, Missouri",82011,1709,60816,2438,47653,2187,21195,2233,5.2,1.3,4.3,1.5,1.0,0.7,9.5,3.2,5.7,1.3,2.5,1.0,1.4,0.8,15.3,4.2,8.4,1.5,6.7,1.8,5.1,1.7,15.2,3.8,9.8,1.7,7.1,1.6,5.6,1.8,18.3,5.0,14.6,1.9,14.5,1.9,13.1,2.1,14.9,3.9,21.6,2.3,23.2,2.9,24.8,3.0,15.4,4.0,13.2,1.9,15.1,2.2,17.1,2.9,5.6,3.5,15.3,1.9,18.7,2.6,22.2,3.2,4.5,2.1,4.2,1.2,5.5,1.5,6.9,1.9,1.0,1.3,1.9,0.9,2.2,1.2,2.9,1.6,0.2,0.4,55089,3051,64303,3343,73323,5721,29331,2104,66669,2943,75218,3617,N,N,37868,3063,26.5,(X),(X),(X),(X),(X),(X),(X),(X),(X),28.1,(X),(X),(X),(X),(X),(X),(X),(X),(X),(X),(X),20.5,(X)
0500000US29165,29165,"Platte County, Missouri",37664,940,24752,1305,N,N,12912,1353,4.8,2.0,1.6,1.7,N,N,10.9,4.7,2.9,1.1,0.8,0.6,N,N,6.9,3.2,8.5,2.1,6.8,2.8,N,N,12.8,3.6,9.5,2.5,8.6,2.7,N,N,13.9,5.6,14.9,3.3,12.1,3.3,N,N,20.9,6.6,16.7,3.2,14.9,3.5,N,N,19.1,5.7,15.1,2.6,17.8,3.6,N,N,7.7,3.2,16.8,2.6,22.5,4.1,N,N,5.2,3.0,7.4,2.4,10.4,3.3,N,N,1.3,1.5,3.4,1.4,4.5,2.0,N,N,1.3,1.5,63438,7643,84871,7424,94432,4761,39173,4665,80435,6722,96685,9663,N,N,46194,4630,23.9,(X),(X),(X),(X),(X),(X),(X),(X),(X),26.6,(X),(X),(X),(X),(X),(X),(X),(X),(X),(X),(X),18.2,(X)
0500000US29183,29183,"St. Charles County, Missouri",138788,1688,101065,2682,81384,2873,37723,2462,3.0,0.8,2.0,0.8,0.6,0.3,6.7,2.2,3.4,0.8,1.7,0.7,1.0,0.6,7.6,2.2,7.0,1.0,4.4,1.1,2.1,0.8,15.9,2.7,6.0,0.9,4.7,1.2,2.4,0.7,12.4,2.6,13.8,1.3,10.9,1.4,10.5,1.7,20.1,2.9,20.1,1.6,19.5,2.2,18.8,2.1,20.0,3.2,16.1,1.3,18.6,1.6,19.6,1.8,9.6,2.3,18.8,1.5,22.8,2.0,26.8,2.5,6.0,1.7,7.0,1.2,9.3,1.7,11.4,2.0,0.6,0.4,4.8,0.7,6.1,1.0,6.7,1.2,1.1,1.0,70137,2223,83661,3187,92467,3936,39252,2116,84153,2490,96428,3657,N,N,46910,2941,23.1,(X),(X),(X),(X),(X),(X),(X),(X),(X),22.8,(X),(X),(X),(X),(X),(X),(X),(X),(X),(X),(X),22.2,(X)
0500000US29187,29187,"St. Francois County, Missouri",24435,1453,16098,1460,N,N,8337,1295,11.8,4.0,8.3,4.5,N,N,19.2,7.5,5.8,2.3,3.7,2.7,N,N,15.6,6.5,16.9,4.5,15.3,5.1,N,N,19.0,7.7,11.1,3.2,8.8,3.9,N,N,12.7,5.3,20.7,4.4,24.9,5.3,N,N,17.5,7.4,17.7,3.8,19.1,5.1,N,N,9.4,5.2,10.4,3.2,13.0,4.0,N,N,3.8,4.9,4.9,2.4,6.0,3.5,N,N,2.8,3.1,0.5,0.5,0.8,0.7,N,N,0.0,1.7,0.1,0.1,0.1,0.1,N,N,0.0,1.7,37349,2989,42003,3440,47128,4989,23110,4127,43489,3248,49049,4082,N,N,30022,5360,24.9,(X),(X),(X),(X),(X),(X),(X),(X),(X),26.5,(X),(X),(X),(X),(X),(X),(X),(X),(X),(X),(X),18.9,(X)
0500000US29189,29189,"St. Louis County, Missouri",401795,3767,261464,4415,186272,4540,140331,4032,5.5,0.7,3.5,0.6,1.1,0.3,10.2,1.5,4.3,0.6,2.7,0.6,0.8,0.3,7.6,1.2,9.0,0.8,4.8,0.7,2.4,0.6,17.4,1.7,9.3,0.9,7.3,0.9,4.0,0.7,13.3,1.7,13.6,1.1,12.1,1.0,10.3,1.0,17.3,2.0,19.8,0.9,20.2,1.2,20.2,1.5,18.1,1.6,12.2,0.7,14.4,1.0,16.1,1.3,7.2,1.1,13.1,0.8,16.9,1.1,21.1,1.5,5.7,0.9,6.1,0.6,8.3,0.8,11.0,1.1,1.7,0.5,7.1,0.5,9.8,0.8,13.2,1.0,1.7,0.5,59290,1227,73929,2517,91539,1741,36046,1450,84210,1980,101893,2635,122230,3426,48899,2345,30.2,(X),(X),(X),(X),(X),(X),(X),(X),(X),31.3,(X),(X),(X),(X),(X),(X),(X),(X),(X),(X),(X),26.9,(X)
0500000US29510,29510,"St. Louis city, Missouri",140536,3412,62973,3137,33042,2592,77563,2989,16.3,1.3,12.1,2.0,3.7,2.0,20.3,2.1,7.1,0.9,4.9,1.1,3.5,1.7,9.2,1.4,14.2,1.3,13.1,2.3,8.6,2.4,15.6,1.8,13.0,1.4,12.3,2.2,9.3,2.1,13.9,1.7,14.8,1.5,14.8,2.1,12.8,2.6,14.7,2.1,15.1,1.5,16.6,2.3,19.9,3.0,13.3,1.9,7.6,1.1,10.4,1.9,14.7,3.1,4.8,1.3,7.7,0.9,9.4,1.3,15.7,2.5,5.9,1.2,2.1,0.5,3.3,1.0,5.6,1.8,0.9,0.4,2.2,0.6,3.3,1.1,6.1,2.0,1.4,0.5,34488,1683,41990,2435,64183,5628,27143,1262,49527,2170,59870,3995,83455,6358,39701,2323,31.5,(X),(X),(X),(X),(X),(X),(X),(X),(X),38.0,(X),(X),(X),(X),(X),(X),(X),(X),(X),(X),(X),25.5,(X)
0500000US30013,30013,"Cascade County, Montana",34492,895,22731,1471,N,N,11761,1248,6.0,2.1,4.4,2.4,N,N,9.7,3.5,7.5,2.0,3.8,2.3,N,N,16.5,5.2,14.9,3.0,11.6,4.0,N,N,26.0,5.8,11.2,2.5,8.5,2.6,N,N,12.8,3.5,16.4,2.2,17.0,2.9,N,N,14.9,3.6,18.9,2.9,22.5,3.8,N,N,12.1,4.8,11.3,3.1,14.3,3.8,N,N,2.8,1.8,8.9,2.1,11.3,2.9,N,N,3.6,2.5,1.9,0.9,2.9,1.4,N,N,0.0,1.0,3.0,1.1,3.6,1.7,N,N,1.6,1.3,43947,3493,55703,5273,66343,4626,23195,3694,60627,4067,71516,5948,N,N,35935,4407,23.7,(X),(X),(X),(X),(X),(X),(X),(X),(X),23.6,(X),(X),(X),(X),(X),(X),(X),(X),(X),(X),(X),21.2,(X)
0500000US30029,30029,"Flathead County, Montana",36391,1744,24120,2028,N,N,12271,1910,9.6,2.5,6.5,2.9,N,N,17.7,5.4,5.4,2.0,3.5,1.9,N,N,10.8,5.0,13.4,2.9,7.5,3.0,N,N,22.9,6.4,10.8,2.0,9.9,2.4,N,N,10.8,4.9,13.1,2.7,12.1,3.3,N,N,15.0,5.6,22.2,4.3,27.0,5.7,N,N,13.3,5.4,8.3,2.1,9.7,3.1,N,N,5.5,3.5,11.3,2.3,15.9,3.4,N,N,2.0,1.6,3.0,1.5,4.4,2.1,N,N,0.2,0.4,2.9,1.5,3.5,1.9,N,N,1.8,2.1,47802,3918,58861,5567,62239,4264,24334,2983,60365,4172,72353,5920,N,N,35806,4558,30.6,(X),(X),(X),(X),(X),(X),(X),(X),(X),30.4,(X),(X),(X),(X),(X),(X),(X),(X),(X),(X),(X),30.8,(X)
0500000US30031,30031,"Gallatin County, Montana",37767,1144,22966,1324,N,N,14801,1511,7.2,2.1,2.5,1.1,N,N,15.1,5.0,5.7,2.2,2.2,2.2,N,N,10.9,4.1,8.9,2.7,5.7,2.0,N,N,13.8,5.6,8.7,1.9,5.2,2.3,N,N,15.6,3.8,12.8,2.6,11.0,3.0,N,N,16.5,4.4,21.9,3.3,25.5,4.6,N,N,17.4,5.9,12.5,2.2,17.0,3.2,N,N,3.4,1.8,14.9,2.5,20.9,3.8,N,N,3.9,2.5,3.4,1.4,4.5,1.9,N,N,1.8,1.6,4.1,1.3,5.5,1.8,N,N,1.7,1.3,58809,4130,72258,3415,80256,5064,30586,3608,74071,5430,92032,7050,N,N,43647,5901,26.3,(X),(X),(X),(X),(X),(X),(X),(X),(X),27.3,(X),(X),(X),(X),(X),(X),(X),(X),(X),(X),(X),22.6,(X)
0500000US30049,30049,"Lewis and Clark County, Montana",26607,868,17028,1272,N,N,9579,1038,3.8,1.5,3.0,2.0,N,N,7.8,3.8,6.0,2.6,5.8,3.3,N,N,8.1,4.3,8.7,2.6,5.2,2.4,N,N,16.9,5.8,12.3,3.2,9.0,2.8,N,N,15.5,5.8,14.7,3.2,12.6,3.6,N,N,19.1,6.5,22.4,3.3,22.2,4.6,N,N,20.1,5.6,11.4,2.7,15.5,3.8,N,N,4.7,3.2,14.7,3.5,18.8,4.6,N,N,6.7,4.2,4.0,1.6,5.4,2.5,N,N,0.8,1.4,2.1,1.0,2.7,1.5,N,N,0.4,0.6,54954,4774,65776,5085,77887,6243,35878,4120,67018,4265,77602,5443,N,N,44138,5507,26.1,(X),(X),(X),(X),(X),(X),(X),(X),(X),23.5,(X),(X),(X),(X),(X),(X),(X),(X),(X),(X),(X),27.6,(X)
0500000US30063,30063,"Missoula County, Montana",45820,1468,25416,1786,N,N,20404,1699,6.6,2.3,2.2,1.6,N,N,13.6,4.9,8.1,2.2,5.8,2.8,N,N,10.4,4.2,13.6,2.7,7.3,3.2,N,N,22.5,5.3,9.7,2.5,8.7,2.8,N,N,13.0,4.3,13.5,2.4,14.2,3.6,N,N,12.0,3.9,21.9,3.7,24.5,5.0,N,N,17.9,4.5,10.7,2.5,14.8,3.7,N,N,5.3,3.3,10.9,3.1,14.4,4.3,N,N,4.7,3.2,2.0,0.9,3.3,1.5,N,N,0.3,0.6,2.9,1.3,4.8,2.3,N,N,0.3,0.5,48077,4956,60004,6383,71966,4807,27351,7252,61207,5414,77990,8533,N,N,36868,4440,26.7,(X),(X),(X),(X),(X),(X),(X),(X),(X),27.0,(X),(X),(X),(X),(X),(X),(X),(X),(X),(X),(X),25.2,(X)
0500000US30111,30111,"Yellowstone County, Montana",61439,1228,38587,1830,29259,1762,22852,1785,5.8,1.3,5.1,1.7,1.5,1.1,10.6,3.4,6.9,1.8,2.6,1.4,0.3,0.3,13.6,4.1,11.2,2.0,5.4,2.0,3.9,1.7,20.6,3.9,9.7,2.0,7.9,2.5,4.7,1.9,13.5,3.4,14.0,1.7,11.4,2.1,10.9,2.4,16.4,3.9,19.8,2.6,24.0,3.4,25.1,3.9,13.9,3.5,12.6,2.0,15.8,2.6,18.3,3.3,6.0,2.6,11.6,2.0,14.8,2.8,18.9,3.4,4.9,2.3,4.4,1.1,6.8,1.8,8.6,2.4,0.3,0.4,4.0,1.2,6.3,1.8,7.8,2.2,0.2,0.3,52610,3392,67639,3610,78485,2604,28543,5992,71723,4623,90204,6265,N,N,37865,3518,29.1,(X),(X),(X),(X),(X),(X),(X),(X),(X),30.3,(X),(X),(X),(X),(X),(X),(X),(X),(X),(X),(X),25.3,(X)
0500000US31055,31055,"Douglas County, Nebraska",209490,2383,129032,3363,94772,3063,80458,3214,6.7,0.9,3.4,0.9,1.6,0.8,12.8,1.6,5.3,0.7,2.8,0.6,1.0,0.4,9.8,1.3,11.2,1.0,7.6,1.2,3.7,0.9,17.3,2.0,10.2,1.1,8.4,1.1,5.4,1.0,13.8,2.1,14.8,1.2,13.5,1.2,11.7,1.3,17.0,2.0,18.3,1.1,18.7,1.4,19.1,1.6,17.3,1.9,12.0,0.9,15.1,1.2,18.4,1.6,6.5,1.1,12.4,0.9,17.5,1.4,22.0,1.7,3.4,0.9,4.2,0.6,6.1,0.8,8.2,1.1,0.7,0.4,4.8,0.6,6.8,0.9,9.0,1.3,1.5,0.7,51728,1477,68100,2051,84462,4299,31742,1818,72002,2057,88716,2874,105294,3414,42410,2680,25.3,(X),(X),(X),(X),(X),(X),(X),(X),(X),24.9,(X),(X),(X),(X),(X),(X),(X),(X),(X),(X),(X),24.9,(X)
0500000US31109,31109,"Lancaster County, Nebraska",117048,1831,71052,2383,54874,2263,45996,2539,6.5,1.3,3.7,1.2,1.1,0.6,12.8,2.8,5.5,1.0,2.8,1.0,0.5,0.4,11.0,2.6,9.3,1.3,6.0,1.4,3.2,1.2,14.6,2.4,10.8,1.6,8.6,1.9,5.6,1.8,14.3,2.7,15.5,1.5,13.4,1.7,12.6,1.9,18.5,2.7,19.8,1.8,19.6,2.1,20.2,2.4,18.6,3.4,12.5,1.4,16.9,2.0,20.2,2.3,4.7,1.4,13.1,1.5,19.0,2.2,23.5,2.6,3.8,1.2,3.7,0.7,5.4,1.1,6.9,1.5,0.8,0.5,3.2,0.6,4.6,0.9,6.0,1.2,1.0,0.5,52019,1899,68592,4043,82442,2762,32481,2730,68052,2661,84112,3925,N,N,40550,2209,19.8,(X),(X),(X),(X),(X),(X),(X),(X),(X),19.1,(X),(X),(X),(X),(X),(X),(X),(X),(X),(X),(X),20.2,(X)
0500000US31153,31153,"Sarpy County, Nebraska",60375,1117,43493,1844,N,N,16882,1778,3.2,1.2,1.9,1.0,N,N,7.9,3.5,2.6,0.8,1.5,0.8,N,N,5.9,2.4,6.2,1.3,3.3,1.2,N,N,14.2,3.8,8.6,1.7,5.3,1.5,N,N,17.8,4.4,13.8,1.9,12.2,2.6,N,N,18.2,3.7,22.3,2.6,22.2,3.1,N,N,23.4,4.8,15.4,2.4,19.0,2.9,N,N,5.4,2.0,18.8,2.0,23.3,2.7,N,N,4.8,2.4,5.6,1.1,6.9,1.3,N,N,1.6,1.6,3.4,0.9,4.5,1.3,N,N,0.7,0.7,65706,4094,77373,3081,87341,4893,37326,3782,78907,3121,90155,3888,N,N,46178,4926,26.9,(X),(X),(X),(X),(X),(X),(X),(X),(X),27.3,(X),(X),(X),(X),(X),(X),(X),(X),(X),(X),(X),25.5,(X)
0500000US32003,32003,"Clark County, Nevada",713577,6105,459735,8393,320352,7325,253842,7271,7.0,0.5,5.2,0.5,2.4,0.4,12.0,1.1,4.7,0.4,3.3,0.4,2.1,0.4,7.5,0.8,10.4,0.5,7.8,0.6,5.0,0.6,16.1,1.1,11.4,0.6,10.6,0.7,8.5,0.7,13.9,1.2,15.4,0.7,15.1,0.7,13.8,0.8,15.9,1.3,20.6,0.8,21.9,1.0,23.2,1.3,17.5,1.3,12.0,0.6,13.4,0.8,16.1,0.9,7.9,0.9,11.5,0.6,14.1,0.8,17.3,1.1,5.9,0.7,4.0,0.3,4.9,0.4,6.4,0.6,2.0,0.4,3.0,0.3,3.8,0.4,5.1,0.6,1.3,0.3,51057,747,58247,1118,68266,1712,35298,908,67150,1423,74958,1728,87770,2331,48937,2350,36.9,(X),(X),(X),(X),(X),(X),(X),(X),(X),37.6,(X),(X),(X),(X),(X),(X),(X),(X),(X),(X),(X),32.9,(X)
0500000US32031,32031,"Washoe County, Nevada",164597,2529,99936,3248,73298,2951,64661,3241,6.8,0.9,3.9,1.0,1.8,0.8,12.3,1.7,5.8,1.0,3.1,1.0,1.6,0.7,10.5,1.8,11.9,1.3,8.8,1.7,5.5,1.5,16.8,2.4,9.5,1.0,8.0,1.2,6.2,1.3,13.0,2.2,12.9,1.4,13.0,1.8,11.9,1.9,13.3,2.1,19.0,1.7,19.4,2.2,20.2,2.5,17.3,2.3,11.4,1.3,13.5,1.7,15.3,1.9,6.9,1.6,14.1,1.2,18.3,1.7,22.0,2.1,7.2,1.6,4.0,0.8,5.2,1.1,6.9,1.4,1.5,1.0,4.7,0.7,6.8,1.1,8.5,1.4,1.1,0.6,53588,3017,65250,2893,78390,3413,31840,2129,72974,2690,86782,3571,100047,4769,48392,4772,30.0,(X),(X),(X),(X),(X),(X),(X),(X),(X),29.5,(X),(X),(X),(X),(X),(X),(X),(X),(X),(X),(X),29.4,(X)
0500000US33005,33005,"Cheshire County, New Hampshire",30603,988,19181,1466,N,N,11422,1192,8.1,2.8,3.2,2.8,N,N,16.2,5.4,5.0,1.6,3.3,2.5,N,N,10.8,3.3,11.2,3.2,7.9,3.2,N,N,16.1,5.5,8.5,2.3,9.0,3.4,N,N,10.1,3.8,14.9,3.0,14.9,3.9,N,N,15.2,4.8,20.7,3.8,20.1,4.0,N,N,20.5,6.4,14.5,2.5,18.9,3.2,N,N,4.7,2.6,12.1,2.0,15.9,3.1,N,N,4.4,2.1,2.6,1.2,3.8,1.7,N,N,0.0,1.2,2.7,1.2,3.0,1.6,N,N,2.1,1.5,51945,3307,63235,8460,76046,4117,31866,5303,64847,4496,75121,6368,N,N,43483,6346,36.7,(X),(X),(X),(X),(X),(X),(X),(X),(X),33.1,(X),(X),(X),(X),(X),(X),(X),(X),(X),(X),(X),42.7,(X)
0500000US33009,33009,"Grafton County, New Hampshire",35728,1499,21774,1247,N,N,13954,1324,5.9,2.0,2.2,1.5,N,N,12.2,4.5,4.3,1.9,1.4,0.9,N,N,8.8,4.3,10.5,2.7,6.1,2.3,N,N,17.6,5.5,10.0,2.3,6.6,2.1,N,N,16.6,5.1,14.3,2.3,15.8,2.9,N,N,14.0,4.8,22.1,3.1,24.4,3.5,N,N,15.6,4.5,11.9,2.5,15.5,3.4,N,N,8.4,3.9,12.3,2.5,16.0,3.3,N,N,4.0,2.9,3.4,1.3,4.9,2.0,N,N,0.6,0.7,5.3,1.5,7.3,2.0,N,N,2.2,2.3,56370,5530,68847,2684,77156,7250,31547,3278,73726,5821,90329,7623,N,N,44930,6969,24.8,(X),(X),(X),(X),(X),(X),(X),(X),(X),25.3,(X),(X),(X),(X),(X),(X),(X),(X),(X),(X),(X),23.3,(X)
0500000US33011,33011,"Hillsborough County, New Hampshire",155036,2048,105458,3185,79742,3128,49578,3497,5.0,1.0,2.3,0.8,0.8,0.4,11.3,2.7,3.3,0.7,1.9,0.7,1.3,0.6,6.8,1.6,7.7,1.0,4.3,0.9,2.7,0.8,15.5,2.5,7.8,1.1,6.7,1.3,4.5,1.0,11.9,2.3,12.6,1.3,10.9,1.7,8.1,1.6,16.5,2.7,18.1,1.5,19.6,1.8,18.6,1.8,15.0,2.7,14.6,1.5,16.4,1.6,17.2,2.1,9.3,2.2,18.5,1.5,21.5,2.1,26.1,2.4,10.1,2.1,6.7,0.9,8.9,1.2,11.0,1.4,1.6,1.0,5.9,0.9,7.6,1.2,9.7,1.5,2.1,1.0,67574,3400,80983,2778,94967,2933,37208,2306,85775,3382,98737,4351,112452,5111,54427,4992,26.2,(X),(X),(X),(X),(X),(X),(X),(X),(X),27.3,(X),(X),(X),(X),(X),(X),(X),(X),(X),(X),(X),22.9,(X)
0500000US33013,33013,"Merrimack County, New Hampshire",55085,1407,36284,1855,29111,1844,18801,1816,4.6,1.3,3.0,1.3,1.0,0.8,8.5,2.9,5.1,1.4,2.0,1.3,0.6,0.5,11.4,3.5,6.7,1.2,3.7,1.4,2.4,1.2,13.6,2.8,8.7,1.6,5.3,1.9,4.2,1.9,15.4,3.3,13.4,2.4,11.1,2.3,8.7,1.9,18.2,4.4,18.3,2.5,20.2,3.2,19.3,3.7,13.7,3.6,15.8,2.2,18.1,2.9,20.8,3.4,10.8,3.5,18.2,2.3,24.2,3.2,28.3,3.7,5.3,1.9,5.9,1.2,8.1,1.7,9.9,2.1,1.4,1.1,3.4,1.1,4.3,1.5,4.8,1.7,1.6,1.4,65662,4441,81022,4358,91595,5807,36062,4588,78120,3701,92313,4999,N,N,47715,4648,25.5,(X),(X),(X),(X),(X),(X),(X),(X),(X),27.4,(X),(X),(X),(X),(X),(X),(X),(X),(X),(X),(X),20.1,(X)
0500000US33015,33015,"Rockingham County, New Hampshire",117890,1903,80620,2741,66120,2946,37270,2707,2.9,0.8,1.2,0.6,0.4,0.3,6.9,2.3,3.3,0.8,0.8,0.5,0.2,0.2,8.6,2.4,7.3,1.3,4.1,1.2,1.5,0.6,14.8,3.2,6.8,1.1,4.6,1.3,3.9,1.4,11.5,2.3,10.8,1.6,9.1,1.5,8.1,1.6,16.0,3.3,19.1,1.9,18.2,2.0,17.6,2.1,21.5,3.8,15.2,1.7,17.8,2.4,18.9,2.5,8.7,2.5,18.8,1.5,23.3,2.1,25.3,2.5,8.0,2.3,7.9,1.0,10.2,1.4,11.8,1.6,2.1,1.2,8.0,1.3,10.6,1.8,12.4,2.2,1.9,1.2,74782,4142,90275,3555,98858,4926,42089,3187,96790,4913,114159,6655,N,N,55682,4814,28.0,(X),(X),(X),(X),(X),(X),(X),(X),(X),27.1,(X),(X),(X),(X),(X),(X),(X),(X),(X),(X),(X),27.7,(X)
0500000US33017,33017,"Strafford County, New Hampshire",47528,1228,32131,1821,N,N,15397,1754,4.8,1.7,3.4,1.8,N,N,8.5,4.1,4.5,1.8,1.1,1.0,N,N,12.0,5.1,9.6,2.2,9.6,3.2,N,N,14.7,4.2,8.5,2.4,7.6,2.7,N,N,12.3,4.2,14.4,3.0,11.9,3.4,N,N,15.4,4.9,20.6,3.0,20.4,4.0,N,N,19.7,5.6,12.0,2.5,12.5,2.7,N,N,8.6,4.2,15.7,2.8,20.2,3.4,N,N,6.6,4.0,8.1,2.2,10.6,3.0,N,N,2.2,2.2,1.9,0.8,2.7,1.2,N,N,0.0,0.9,60692,4127,69264,4889,82717,9250,37147,7501,73117,4412,83690,5427,N,N,45967,5828,23.6,(X),(X),(X),(X),(X),(X),(X),(X),(X),24.9,(X),(X),(X),(X),(X),(X),(X),(X),(X),(X),(X),18.2,(X)
0500000US34001,34001,"Atlantic County, New Jersey",101721,2722,69797,2875,45910,2612,31924,2294,7.0,1.2,5.4,1.7,2.5,1.4,13.0,2.2,5.7,1.1,4.8,1.4,2.3,1.4,8.4,2.1,11.7,1.6,10.3,2.1,5.4,1.7,15.5,2.9,9.4,1.4,6.7,1.5,5.1,1.5,15.6,3.1,13.7,1.7,12.6,2.0,11.2,2.7,16.0,2.9,20.0,2.0,20.5,2.7,22.1,3.3,17.8,3.1,11.5,1.4,12.8,1.7,15.6,2.5,6.2,1.8,12.9,1.6,16.6,2.2,21.3,3.0,4.5,1.5,4.0,0.8,5.2,1.1,6.9,1.6,1.0,0.8,4.2,0.8,5.1,1.0,7.6,1.6,1.9,1.1,52127,2250,60615,2370,77081,6320,32435,3471,69941,2956,79405,4223,N,N,45070,4168,37.7,(X),(X),(X),(X),(X),(X),(X),(X),(X),39.0,(X),(X),(X),(X),(X),(X),(X),(X),(X),(X),(X),31.1,(X)
0500000US34003,34003,"Bergen County, New Jersey",338063,3017,241689,4979,186179,4808,96374,4358,4.6,0.6,2.7,0.6,1.0,0.4,10.4,1.6,3.2,0.6,2.1,0.5,1.5,0.6,6.4,1.3,6.9,0.7,4.5,0.7,2.6,0.5,12.8,1.7,6.8,0.7,4.5,0.7,3.8,0.7,12.3,2.0,10.0,0.9,9.1,0.9,7.6,1.1,12.5,1.8,14.6,1.0,14.0,1.1,12.1,1.2,16.2,2.1,12.3,1.0,13.0,1.2,13.1,1.3,10.3,1.3,17.0,0.9,19.0,1.1,21.2,1.3,11.0,1.7,10.6,0.9,13.0,1.1,15.1,1.3,4.5,1.2,14.2,0.7,18.1,1.1,21.9,1.3,3.6,0.8,81670,1288,100242,3980,120481,3612,45202,3494,116561,2886,136333,3803,153842,4728,62329,2931,32.0,(X),(X),(X),(X),(X),(X),(X),(X),(X),32.4,(X),(X),(X),(X),(X),(X),(X),(X),(X),(X),(X),29.1,(X)
0500000US34005,34005,"Burlington County, New Jersey",162245,2421,114020,3104,87745,3424,48225,2868,3.0,0.6,1.9,0.6,0.5,0.3,6.1,1.5,2.4,0.5,1.1,0.4,0.6,0.3,5.5,1.4,6.2,0.8,3.6,0.8,2.3,0.7,12.7,2.1,5.8,0.8,4.2,0.8,3.4,0.7,9.4,2.1,10.5,1.2,8.3,1.3,6.7,1.2,16.7,3.1,20.6,1.5,20.1,1.6,16.8,1.6,22.8,3.2,15.9,1.2,16.6,1.4,17.2,1.7,13.8,2.7,18.9,1.3,22.6,1.6,25.8,2.0,8.5,1.9,8.8,0.9,11.0,1.2,13.7,1.5,2.9,1.1,7.9,0.7,10.5,1.0,13.0,1.3,1.5,0.7,77398,2511,90460,2882,103047,3480,49275,4083,96658,2318,110745,2826,124226,3624,60350,4832,29.1,(X),(X),(X),(X),(X),(X),(X),(X),(X),29.6,(X),(X),(X),(X),(X),(X),(X),(X),(X),(X),(X),26.4,(X)
0500000US34007,34007,"Camden County, New Jersey",185774,2766,124322,3473,81397,3023,61452,3224,8.3,1.2,5.6,1.1,1.2,0.6,16.8,2.8,5.0,0.8,3.6,1.0,1.7,0.7,9.2,1.7,10.6,1.1,6.8,1.3,3.4,1.0,17.7,2.5,8.1,1.0,7.9,1.1,4.0,1.0,9.7,1.9,10.9,1.3,9.8,1.3,8.5,1.4,12.1,2.0,17.5,1.5,17.2,1.7,17.0,2.1,16.6,2.5,13.1,1.1,14.6,1.5,16.7,1.9,9.4,1.9,15.4,1.2,19.6,1.6,25.9,2.2,5.6,1.5,6.7,1.0,9.0,1.3,12.8,1.9,1.7,1.0,4.4,0.7,5.8,0.8,8.6,1.3,1.3,0.5,58006,3347,73438,3287,96448,4212,31181,3042,77296,2772,91194,3828,113604,5634,44354,2858,37.5,(X),(X),(X),(X),(X),(X),(X),(X),(X),38.9,(X),(X),(X),(X),(X),(X),(X),(X),(X),(X),(X),31.6,(X)
0500000US34009,34009,"Cape May County, New Jersey",38210,2310,24467,1830,N,N,13743,1677,5.5,1.5,3.8,1.8,N,N,10.4,3.8,5.6,1.6,2.7,1.7,N,N,10.8,3.3,7.7,2.0,2.4,1.2,N,N,17.3,4.4,9.4,2.2,6.2,1.9,N,N,14.5,4.3,14.4,2.4,12.1,3.0,N,N,18.2,4.1,18.1,2.5,19.9,3.6,N,N,14.4,3.7,12.6,2.2,16.2,3.2,N,N,6.3,2.9,17.2,2.3,24.8,3.6,N,N,4.0,2.0,4.7,1.2,5.8,1.7,N,N,2.4,2.2,4.7,1.2,6.2,1.7,N,N,1.7,1.3,60560,4810,78756,6240,84076,8185,32131,4140,76676,3952,92169,5370,N,N,47424,6824,30.5,(X),(X),(X),(X),(X),(X),(X),(X),(X),31.1,(X),(X),(X),(X),(X),(X),(X),(X),(X),(X),(X),29.4,(X)
0500000US34011,34011,"Cumberland County, New Jersey",50066,1590,35038,2036,22063,1783,15028,1790,9.8,2.2,8.0,2.5,1.3,0.9,17.9,6.3,8.6,2.7,5.2,2.2,3.4,2.3,16.5,5.2,11.3,2.1,9.5,2.3,6.2,2.6,17.2,4.7,10.8,2.2,8.7,2.4,7.9,3.0,15.2,4.4,14.2,2.8,15.9,3.4,16.6,4.0,9.2,3.6,13.9,2.4,16.1,2.8,19.7,3.7,8.4,3.6,14.4,2.4,14.8,2.5,14.7,3.8,12.4,4.6,12.5,2.2,15.8,2.9,21.4,4.3,2.9,1.9,2.1,0.7,2.6,0.8,3.9,1.4,0.3,0.6,2.4,1.0,3.4,1.5,5.0,2.3,0.0,1.1,45978,2820,52969,4995,66782,8938,23351,6035,59490,3681,68156,4853,N,N,34318,4333,35.4,(X),(X),(X),(X),(X),(X),(X),(X),(X),36.1,(X),(X),(X),(X),(X),(X),(X),(X),(X),(X),(X),31.6,(X)
0500000US34013,34013,"Essex County, New Jersey",277102,2922,185121,4392,108361,3630,91981,3910,9.6,0.8,6.4,0.8,1.3,0.5,17.3,2.0,5.1,0.7,4.1,0.6,1.6,0.6,8.3,1.5,11.5,1.0,9.4,1.1,3.9,1.0,16.3,1.8,9.4,0.9,8.6,1.1,6.3,1.2,11.5,1.8,12.0,0.9,11.0,1.1,8.1,1.2,14.1,2.2,15.3,1.0,15.2,1.2,14.7,1.6,15.3,1.9,9.8,0.9,10.8,1.0,12.8,1.4,6.7,1.4,12.3,0.9,14.3,1.2,19.5,1.8,7.1,1.4,5.9,0.6,8.1,0.9,12.1,1.4,1.6,0.6,8.9,0.7,12.1,1.0,19.6,1.7,1.8,0.8,53610,2515,65415,2380,102025,5369,31348,1395,86464,2800,104283,3823,144451,6155,46383,2762,38.2,(X),(X),(X),(X),(X),(X),(X),(X),(X),39.8,(X),(X),(X),(X),(X),(X),(X),(X),(X),(X),(X),32.5,(X)
0500000US34015,34015,"Gloucester County, New Jersey",103864,1600,76590,2317,56585,2281,27274,2128,3.9,0.9,2.8,1.0,1.3,0.5,8.6,2.6,3.4,1.0,2.6,1.1,0.6,0.4,6.1,2.0,7.6,1.4,5.4,1.5,3.5,1.1,14.0,3.5,7.5,1.2,6.1,1.3,4.0,1.3,12.4,3.1,12.2,1.5,9.9,1.6,8.5,1.5,18.6,3.6,17.8,1.7,18.1,2.1,17.1,2.3,18.9,3.8,13.1,1.7,13.1,1.9,13.5,2.1,11.5,3.7,19.9,1.9,24.0,2.3,28.1,2.7,6.4,2.6,8.9,1.3,10.7,1.6,13.8,2.0,2.4,1.1,5.8,1.1,7.4,1.4,9.7,1.8,1.1,0.8,71355,2905,84723,4756,101236,2925,41286,4440,87410,3223,98616,4102,N,N,51273,4271,29.1,(X),(X),(X),(X),(X),(X),(X),(X),(X),30.7,(X),(X),(X),(X),(X),(X),(X),(X),(X),(X),(X),21.6,(X)
0500000US34017,34017,"Hudson County, New Jersey",247490,2907,149585,3912,94042,3796,97905,3885,8.7,0.9,5.4,1.1,2.7,0.9,14.6,1.7,5.4,0.7,4.3,0.8,2.2,0.6,7.4,1.4,11.7,1.2,11.9,1.5,8.1,1.6,12.6,1.7,8.3,0.8,8.4,1.2,6.0,1.2,8.2,1.3,10.8,1.1,12.1,1.5,10.1,1.6,8.7,1.2,16.5,1.1,16.7,1.5,17.4,1.8,15.9,1.9,11.0,1.1,11.1,1.4,13.1,1.8,10.4,1.7,13.5,1.0,14.2,1.5,18.2,2.1,11.6,1.6,6.5,0.7,7.2,1.1,9.8,1.5,4.8,0.9,7.6,0.8,8.6,1.1,12.4,1.6,5.8,1.2,56079,1860,59891,3434,80961,4712,47173,4922,82118,2627,88560,4341,110116,5790,68693,4291,40.6,(X),(X),(X),(X),(X),(X),(X),(X),(X),43.3,(X),(X),(X),(X),(X),(X),(X),(X),(X),(X),(X),34.0,(X)
0500000US34019,34019,"Hunterdon County, New Jersey",45792,1287,34067,1713,N,N,11725,1304,2.8,1.4,1.1,0.7,N,N,8.2,5.0,2.0,0.9,0.4,0.4,N,N,6.8,3.2,4.2,1.3,0.8,0.7,N,N,14.6,5.0,3.6,1.3,2.5,1.4,N,N,6.7,2.8,10.6,2.2,7.9,2.4,N,N,18.1,4.9,11.4,2.2,10.9,2.5,N,N,14.7,4.5,10.7,2.0,10.3,2.3,N,N,11.1,3.3,19.9,2.4,24.0,3.0,N,N,9.7,3.7,14.2,2.7,17.2,3.2,N,N,3.1,2.1,20.6,2.7,25.0,3.4,N,N,7.1,3.8,110457,8455,129509,11207,142404,10240,46583,4853,144793,11864,164040,14509,N,N,82142,19381,26.5,(X),(X),(X),(X),(X),(X),(X),(X),(X),27.4,(X),(X),(X),(X),(X),(X),(X),(X),(X),(X),(X),22.8,(X)
0500000US34021,34021,"Mercer County, New Jersey",131623,2344,89592,3195,66110,3192,42031,2859,6.0,1.0,3.2,1.0,0.6,0.4,13.1,2.8,4.7,1.1,2.5,1.0,1.4,0.9,9.6,2.5,8.2,1.4,7.2,1.8,4.4,1.9,12.0,2.6,6.7,1.1,5.3,1.1,3.5,1.0,10.4,2.0,9.7,1.5,8.6,1.6,6.9,1.8,11.2,2.8,18.2,1.4,15.8,1.9,14.4,2.6,22.5,3.3,12.1,1.6,12.9,1.9,14.1,2.3,10.1,2.2,14.9,1.6,18.4,2.1,22.2,2.5,6.9,2.1,8.8,1.2,12.0,1.6,14.2,1.9,2.2,1.2,10.6,1.0,14.2,1.5,18.4,1.9,1.9,1.0,70857,2063,90633,5794,109855,5053,41109,5100,99334,3988,119651,5716,141002,7055,52246,3832,29.9,(X),(X),(X),(X),(X),(X),(X),(X),(X),28.8,(X),(X),(X),(X),(X),(X),(X),(X),(X),(X),(X),31.0,(X)
0500000US34023,34023,"Middlesex County, New Jersey",283211,2618,203405,3377,156085,4067,79806,3632,4.8,0.7,2.4,0.6,1.1,0.5,12.0,1.8,3.2,0.4,1.9,0.4,1.0,0.4,6.9,1.2,7.2,0.9,4.9,0.9,2.2,0.6,14.0,2.2,7.3,0.8,5.5,0.8,4.5,0.8,11.6,1.8,10.1,0.9,9.4,0.9,7.5,1.0,12.5,2.0,16.3,1.0,15.7,1.1,14.9,1.3,17.7,2.1,13.6,0.9,14.9,1.1,15.5,1.1,9.3,1.5,20.2,1.2,23.0,1.3,26.0,1.6,11.8,1.8,8.7,0.8,11.0,1.0,13.2,1.3,2.7,1.0,8.6,0.7,11.3,1.0,14.1,1.2,1.5,0.6,76848,2276,91153,1650,103549,3147,40045,3128,94334,2198,108283,2892,121766,3221,55261,3096,31.5,(X),(X),(X),(X),(X),(X),(X),(X),(X),32.0,(X),(X),(X),(X),(X),(X),(X),(X),(X),(X),(X),29.2,(X)
0500000US34025,34025,"Monmouth County, New Jersey",232158,2838,164357,3452,127993,3427,67801,3376,4.1,0.6,2.1,0.5,0.6,0.3,9.9,2.0,3.2,0.5,1.2,0.5,0.5,0.3,8.3,1.5,5.8,0.8,3.4,0.7,2.0,0.6,12.1,1.6,7.5,0.8,5.6,0.9,4.0,0.9,12.2,2.0,9.8,1.0,7.9,1.2,5.9,1.2,13.7,2.0,14.0,1.1,13.5,1.3,11.1,1.3,16.3,2.2,13.0,1.0,13.6,1.3,14.0,1.4,11.4,1.8,19.1,1.1,22.7,1.5,25.9,1.7,9.1,1.6,10.5,1.0,12.9,1.3,15.2,1.4,4.2,1.5,13.0,1.0,17.0,1.3,20.8,1.6,2.8,0.9,83749,2555,104285,3965,121454,3178,44284,4774,112183,3523,132951,4193,150980,4878,58171,3260,37.0,(X),(X),(X),(X),(X),(X),(X),(X),(X),37.1,(X),(X),(X),(X),(X),(X),(X),(X),(X),(X),(X),35.5,(X)
0500000US34027,34027,"Morris County, New Jersey",178951,2464,127593,3059,105412,3407,51358,2807,2.4,0.6,1.0,0.4,0.4,0.3,6.1,1.9,2.5,0.6,1.1,0.5,0.9,0.7,6.1,1.8,4.8,0.8,2.7,0.8,1.8,0.8,10.6,2.4,4.8,0.8,3.5,0.9,2.0,0.7,8.1,1.9,7.5,1.0,6.2,1.0,4.5,1.0,11.9,2.5,13.5,1.3,11.7,1.3,10.3,1.3,20.0,2.9,14.3,1.5,13.6,1.7,13.6,1.8,14.5,2.7,20.6,1.5,22.8,1.9,23.7,2.1,13.9,2.4,11.7,1.1,14.2,1.3,16.3,1.5,4.6,1.3,17.9,1.2,23.1,1.5,26.4,1.7,4.4,1.4,100176,2380,120268,3637,133774,4624,57030,4830,137202,4687,161494,5899,177188,7077,73313,4412,26.4,(X),(X),(X),(X),(X),(X),(X),(X),(X),27.3,(X),(X),(X),(X),(X),(X),(X),(X),(X),(X),(X),22.5,(X)
0500000US34029,34029,"Ocean County, New Jersey",217698,3563,145684,4349,114288,4106,72014,3332,4.2,0.7,2.6,0.7,1.6,0.6,8.1,1.9,5.3,0.9,2.0,0.6,2.1,0.8,12.5,2.5,10.7,1.0,5.5,1.0,4.0,0.8,21.5,2.3,9.1,0.9,7.3,1.2,6.1,1.0,13.3,1.7,12.7,1.1,11.6,1.3,10.6,1.5,14.0,2.4,18.1,1.4,20.7,1.7,19.6,1.9,14.7,2.3,12.6,1.2,15.5,1.4,15.6,1.7,6.8,1.7,16.9,1.3,20.8,1.8,23.6,2.1,6.6,1.5,5.8,0.7,8.0,1.1,9.6,1.4,1.1,0.4,4.6,0.7,6.0,0.9,7.3,1.1,1.3,0.6,60227,2316,75328,2779,85015,3409,30899,1804,78303,2548,92713,3317,101360,3833,45708,3094,30.9,(X),(X),(X),(X),(X),(X),(X),(X),(X),30.6,(X),(X),(X),(X),(X),(X),(X),(X),(X),(X),(X),29.6,(X)
0500000US34031,34031,"Passaic County, New Jersey",161331,1920,120135,2364,78546,2877,41196,2442,7.5,1.1,5.2,1.2,1.1,0.5,16.5,2.9,5.7,0.9,4.1,0.9,1.6,0.7,10.6,2.3,10.0,1.2,8.5,1.3,6.1,1.5,14.4,2.9,9.1,1.1,9.7,1.4,7.6,1.4,9.0,2.0,11.9,1.2,11.5,1.5,9.6,1.8,13.4,2.2,14.7,1.2,14.2,1.5,13.8,1.9,14.1,2.4,11.7,1.3,13.2,1.5,14.4,1.9,7.4,2.3,15.3,1.3,16.9,1.6,22.4,2.2,8.5,1.9,7.3,1.1,8.8,1.4,12.4,2.1,2.7,1.2,6.9,0.9,7.9,1.2,11.1,1.8,3.4,1.6,58898,3312,67796,4716,92975,3644,34334,6618,82360,3578,90046,4453,N,N,54421,6245,39.8,(X),(X),(X),(X),(X),(X),(X),(X),(X),41.2,(X),(X),(X),(X),(X),(X),(X),(X),(X),(X),(X),32.8,(X)
0500000US34033,34033,"Salem County, New Jersey",24280,982,16659,1179,N,N,7621,926,7.5,2.3,9.3,3.7,N,N,9.2,4.6,4.6,1.7,4.3,2.2,N,N,6.9,3.6,7.5,2.2,3.8,1.5,N,N,15.6,5.5,10.4,2.5,7.5,2.8,N,N,12.3,5.0,12.1,2.6,10.9,3.1,N,N,12.6,4.1,17.3,2.9,15.5,3.6,N,N,22.1,5.9,14.0,3.0,15.7,3.5,N,N,9.4,5.1,17.8,2.9,21.6,3.9,N,N,8.3,5.4,5.7,2.0,7.0,2.2,N,N,2.7,3.0,3.2,1.4,4.4,1.9,N,N,0.7,1.1,61943,6739,72602,6422,90219,7337,40935,5056,73867,4770,82906,6520,N,N,50695,6570,34.7,(X),(X),(X),(X),(X),(X),(X),(X),(X),33.1,(X),(X),(X),(X),(X),(X),(X),(X),(X),(X),(X),36.4,(X)
0500000US34035,34035,"Somerset County, New Jersey",112974,1937,83045,2481,68049,2596,29929,2238,2.8,0.7,1.5,0.7,0.4,0.3,6.7,2.1,2.2,0.8,1.2,0.7,0.5,0.5,5.1,2.0,5.2,1.2,2.5,0.9,1.6,0.8,13.3,2.9,5.0,1.2,3.6,1.0,2.8,0.9,9.6,3.1,8.4,1.2,5.4,1.0,4.1,1.0,15.6,3.1,13.7,2.0,12.1,2.2,9.5,1.9,18.5,3.6,14.0,1.5,14.7,1.8,14.7,1.9,11.4,2.6,18.3,1.9,21.1,2.3,22.2,2.5,10.6,2.5,11.3,1.4,14.1,2.0,15.8,2.0,4.0,1.7,19.3,1.7,23.8,2.1,28.4,2.5,5.2,2.0,97219,4417,117370,6102,131392,6491,49576,5156,135037,5474,157272,7243,N,N,70022,7116,40.5,(X),(X),(X),(X),(X),(X),(X),(X),(X),41.1,(X),(X),(X),(X),(X),(X),(X),(X),(X),(X),(X),37.9,(X)
0500000US34037,34037,"Sussex County, New Jersey",54765,1532,40823,1703,32847,1642,13942,1343,2.9,1.0,2.3,1.2,0.8,0.7,5.7,2.6,3.5,1.1,1.1,0.5,0.4,0.4,10.6,3.8,4.8,1.0,3.6,1.1,1.4,0.7,11.4,3.2,6.9,1.6,3.8,1.4,2.6,1.2,14.7,4.9,9.1,1.6,8.9,1.8,7.7,1.9,10.3,3.1,16.1,1.8,14.9,2.0,13.6,2.3,19.4,4.4,14.7,1.9,15.6,2.2,16.1,2.6,11.8,4.0,20.5,2.1,24.6,2.7,27.7,3.1,8.1,3.3,11.4,1.9,13.1,2.2,15.5,2.6,3.8,2.8,10.1,1.6,12.0,2.0,14.2,2.4,4.1,2.0,88407,6008,99198,5432,109412,5262,45927,8678,105480,5618,114933,5828,N,N,71735,12562,28.3,(X),(X),(X),(X),(X),(X),(X),(X),(X),28.3,(X),(X),(X),(X),(X),(X),(X),(X),(X),(X),(X),26.6,(X)
0500000US34039,34039,"Union County, New Jersey",186951,1987,131662,3520,93248,3810,55289,3307,6.5,1.0,4.6,0.9,1.8,0.8,13.8,2.4,4.1,0.9,2.0,0.7,1.4,0.8,8.9,2.5,9.5,1.2,7.6,1.2,5.5,1.4,14.0,2.6,7.6,1.1,6.5,1.1,3.8,1.1,11.2,2.3,11.9,1.1,11.3,1.5,10.0,1.5,13.6,2.1,16.8,1.3,16.2,1.6,15.1,1.6,17.9,2.8,10.9,1.1,11.5,1.3,11.7,1.4,8.2,1.9,15.2,1.5,17.8,1.7,21.1,1.9,7.3,1.9,7.0,0.8,8.8,1.1,10.9,1.4,2.5,0.9,10.5,1.1,13.7,1.4,18.8,1.9,2.6,1.3,64593,2913,79855,3817,100996,3603,36432,2914,97757,3605,114596,4105,137760,5456,53702,5663,37.4,(X),(X),(X),(X),(X),(X),(X),(X),(X),37.1,(X),(X),(X),(X),(X),(X),(X),(X),(X),(X),(X),36.0,(X)
0500000US34041,34041,"Warren County, New Jersey",41870,1078,29457,1570,N,N,12413,1320,3.7,1.4,2.3,1.3,N,N,7.6,4.1,4.1,1.5,3.0,1.9,N,N,6.8,3.3,6.4,1.9,5.4,2.3,N,N,10.6,3.6,8.9,1.8,6.5,2.3,N,N,14.5,3.7,13.4,2.6,11.5,3.2,N,N,16.7,5.3,18.6,2.7,17.6,2.7,N,N,20.6,5.5,14.2,2.6,16.7,3.8,N,N,9.1,3.7,16.2,2.3,19.8,2.9,N,N,5.9,2.6,7.2,2.1,7.2,2.2,N,N,6.9,4.6,7.4,1.7,10.0,2.5,N,N,1.4,1.1,67208,6343,81755,5997,89910,7886,45458,5056,87949,5222,99026,6622,N,N,58923,9043,29.1,(X),(X),(X),(X),(X),(X),(X),(X),(X),30.0,(X),(X),(X),(X),(X),(X),(X),(X),(X),(X),(X),26.4,(X)
0500000US35001,35001,"Bernalillo County, New Mexico",258707,3564,161842,4411,109620,4353,96865,4165,8.3,1.0,6.4,1.2,2.7,1.0,13.2,1.8,6.0,0.7,3.5,0.8,2.0,0.7,11.1,1.5,12.4,1.1,10.5,1.2,6.9,1.2,16.2,2.0,11.1,0.9,9.3,1.2,7.6,1.4,14.6,1.7,13.2,1.1,11.8,1.3,10.0,1.1,15.0,1.7,18.8,1.1,20.5,1.4,20.8,1.9,14.4,1.6,12.1,1.0,14.3,1.4,18.2,1.8,8.1,1.3,11.2,0.9,14.1,1.2,18.5,1.7,5.4,1.2,3.4,0.6,4.9,0.9,6.6,1.2,0.9,0.4,3.5,0.5,4.7,0.8,6.8,1.1,1.2,0.4,48257,2330,59737,2911,74989,3797,31203,1286,65025,2008,75653,3011,91812,4121,44154,2448,28.3,(X),(X),(X),(X),(X),(X),(X),(X),(X),29.7,(X),(X),(X),(X),(X),(X),(X),(X),(X),(X),(X),24.6,(X)
0500000US35005,35005,"Chaves County, New Mexico",23806,1086,17402,1257,N,N,6404,999,8.3,3.0,7.7,3.4,N,N,17.8,8.2,6.3,2.4,3.6,2.3,N,N,13.7,6.2,11.6,2.8,9.1,3.2,N,N,18.8,5.9,15.6,3.3,16.1,4.0,N,N,15.2,7.0,13.0,3.4,12.1,4.0,N,N,11.8,6.0,17.9,3.6,21.2,4.9,N,N,8.8,4.7,12.9,3.4,12.3,3.8,N,N,10.2,5.2,8.1,2.7,10.3,3.4,N,N,2.0,2.4,3.3,1.7,3.8,2.2,N,N,0.5,1.0,3.1,1.9,3.8,2.5,N,N,1.3,1.4,45753,4308,51850,6816,68677,7357,24867,4782,60102,5993,66271,7409,N,N,36805,6042,20.2,(X),(X),(X),(X),(X),(X),(X),(X),(X),21.0,(X),(X),(X),(X),(X),(X),(X),(X),(X),(X),(X),17.5,(X)
0500000US35013,35013,"Doña Ana County, New Mexico",74898,2133,49945,2574,34770,2598,24953,2473,11.7,2.1,9.4,2.3,2.1,1.4,18.0,4.2,7.6,1.6,5.3,1.7,3.9,1.6,11.9,3.9,17.1,2.4,13.9,2.4,11.5,3.0,23.9,5.9,12.1,2.2,10.5,2.3,8.4,2.2,14.8,4.7,15.2,2.3,17.6,3.1,19.5,4.0,10.7,3.7,14.5,2.0,16.7,2.5,18.8,3.4,9.8,3.4,8.7,1.6,11.4,2.4,15.0,3.3,2.8,1.4,7.0,1.5,8.4,2.0,11.3,2.6,4.2,2.6,3.9,1.2,4.4,1.5,5.9,2.1,2.6,2.0,2.1,0.8,2.5,1.0,3.6,1.5,1.3,1.3,36343,3290,43521,2275,55552,4963,22172,3098,52617,3347,59551,4329,N,N,37124,4869,21.6,(X),(X),(X),(X),(X),(X),(X),(X),(X),21.8,(X),(X),(X),(X),(X),(X),(X),(X),(X),(X),(X),20.6,(X)
0500000US35025,35025,"Lea County, New Mexico",22418,792,16258,1092,N,N,6160,981,4.3,1.7,2.0,1.2,N,N,10.4,5.2,4.7,1.9,2.3,2.0,N,N,11.2,5.8,9.8,2.9,8.5,3.5,N,N,13.1,7.2,8.5,2.2,7.5,3.0,N,N,11.8,5.5,15.2,3.6,13.2,4.1,N,N,21.3,7.5,23.7,4.6,26.9,5.6,N,N,17.1,8.5,12.5,3.3,15.2,4.3,N,N,7.5,4.5,14.1,3.8,14.8,4.2,N,N,6.1,4.2,3.2,1.4,4.4,1.9,N,N,0.0,2.5,4.1,1.7,5.1,2.2,N,N,1.5,1.8,56191,4628,66124,6566,71246,3767,38979,6924,73423,5969,80352,6752,N,N,51469,11789,29.2,(X),(X),(X),(X),(X),(X),(X),(X),(X),30.2,(X),(X),(X),(X),(X),(X),(X),(X),(X),(X),(X),26.6,(X)
0500000US35031,35031,"McKinley County, New Mexico",18046,991,12092,1076,7090,914,5954,955,30.3,4.2,24.5,5.0,17.0,6.6,49.0,7.6,6.9,1.8,5.9,1.8,4.5,2.1,7.8,4.1,12.9,3.0,11.5,3.5,9.3,3.6,13.2,5.6,11.9,2.5,11.6,3.5,13.1,5.7,10.4,4.1,9.2,2.1,13.1,3.1,10.1,3.6,3.2,1.9,15.8,3.5,16.3,4.8,20.6,7.5,11.4,5.9,6.9,2.5,8.9,3.4,13.1,5.3,2.7,2.8,5.5,2.6,7.4,3.4,11.1,5.3,1.8,2.7,0.3,0.3,0.2,0.3,0.2,0.4,0.5,0.9,0.4,0.4,0.6,0.7,1.0,1.1,0.0,2.6,24945,3047,33103,2967,44023,12848,10465,3326,35586,3134,41299,4182,N,N,21928,4625,44.9,(X),(X),(X),(X),(X),(X),(X),(X),(X),50.8,(X),(X),(X),(X),(X),(X),(X),(X),(X),(X),(X),32.2,(X)
0500000US35035,35035,"Otero County, New Mexico",23176,1625,14363,1498,N,N,8813,1429,12.1,3.9,6.7,3.6,N,N,21.0,8.4,5.6,2.6,3.9,2.5,N,N,8.4,4.8,14.0,4.3,12.4,4.8,N,N,16.6,6.8,8.0,2.7,8.5,3.2,N,N,7.2,4.3,18.1,3.9,16.1,4.7,N,N,21.4,7.5,20.8,5.1,24.0,5.8,N,N,17.0,9.0,11.4,3.4,14.9,4.9,N,N,5.3,3.4,7.5,2.7,10.4,4.1,N,N,1.5,1.5,1.9,1.2,2.2,1.7,N,N,1.4,1.4,0.6,0.8,0.9,1.2,N,N,0.0,1.8,44102,3496,51363,3764,62054,10323,29876,11758,50974,3673,59985,5282,N,N,35091,4939,23.4,(X),(X),(X),(X),(X),(X),(X),(X),(X),26.9,(X),(X),(X),(X),(X),(X),(X),(X),(X),(X),(X),16.6,(X)
0500000US35043,35043,"Sandoval County, New Mexico",47593,1394,34141,1589,24896,1689,13452,1518,6.5,1.8,4.3,2.0,1.6,1.3,12.8,3.6,5.2,1.6,2.6,1.3,1.1,0.6,12.3,4.6,11.0,2.2,9.5,2.4,6.2,2.3,15.9,4.4,7.9,1.6,7.9,1.9,6.1,1.9,8.5,3.5,14.6,3.0,11.8,2.7,9.8,2.8,21.6,5.8,17.8,2.2,19.0,3.2,20.4,3.7,14.2,3.8,13.2,2.7,15.0,3.1,17.1,3.9,9.6,4.9,13.8,2.5,17.2,3.1,21.9,3.8,4.0,2.8,7.1,2.0,9.2,2.7,10.9,3.2,0.1,0.1,3.0,1.1,3.6,1.4,4.9,1.8,1.1,1.3,55825,4320,66281,7025,80384,5799,35250,8111,71820,3985,82085,5351,N,N,41423,4719,31.7,(X),(X),(X),(X),(X),(X),(X),(X),(X),33.9,(X),(X),(X),(X),(X),(X),(X),(X),(X),(X),(X),24.9,(X)
0500000US35045,35045,"San Juan County, New Mexico",37847,1570,26609,1861,17716,1625,11238,1477,13.1,2.6,7.3,2.3,3.6,2.1,27.5,5.8,6.6,2.1,5.6,2.3,3.5,2.6,9.6,4.4,10.4,2.1,9.8,2.6,7.0,3.1,14.2,3.8,10.7,2.5,10.3,2.7,7.3,2.5,12.8,4.8,14.7,2.7,11.9,2.8,11.5,3.0,18.7,4.9,14.9,2.6,17.6,3.1,19.0,4.0,6.9,2.9,12.5,2.7,15.4,3.2,20.0,4.2,5.6,3.8,11.1,2.2,14.1,2.9,16.7,4.2,3.1,2.0,4.4,1.6,5.8,2.1,8.1,3.2,1.1,1.2,1.7,0.9,2.2,1.3,3.4,1.9,0.4,0.7,43787,3950,56223,4489,70438,10620,22930,5630,59018,4133,69450,4905,N,N,31826,4375,46.1,(X),(X),(X),(X),(X),(X),(X),(X),(X),47.5,(X),(X),(X),(X),(X),(X),(X),(X),(X),(X),(X),41.6,(X)
0500000US35049,35049,"Santa Fe County, New Mexico",60405,1818,35629,1992,25015,1718,24776,1439,8.9,1.9,5.7,2.0,3.6,1.9,14.8,3.6,5.7,1.2,4.9,1.6,1.8,1.2,8.5,2.5,12.0,1.9,11.6,2.5,8.9,2.4,14.1,2.9,9.8,1.7,7.5,2.0,5.4,1.9,12.9,2.7,11.6,2.1,8.8,2.1,6.5,1.7,16.3,3.9,19.7,2.2,20.1,2.9,20.9,3.5,16.8,3.1,10.7,1.7,12.3,2.0,14.4,2.5,7.6,2.2,11.1,1.5,15.0,2.4,19.3,3.0,3.9,1.2,5.4,1.2,6.7,1.4,8.7,2.1,3.3,1.7,5.1,1.0,7.5,1.6,10.4,2.1,1.7,0.8,51833,2619,62912,4689,78557,4958,34686,3711,71652,3495,86129,5432,N,N,47026,3624,32.2,(X),(X),(X),(X),(X),(X),(X),(X),(X),31.6,(X),(X),(X),(X),(X),(X),(X),(X),(X),(X),(X),30.2,(X)
0500000US35061,35061,"Valencia County, New Mexico",25003,1346,16981,1542,N,N,8022,1418,11.7,3.3,5.4,2.9,N,N,24.9,9.2,7.7,2.8,5.6,3.0,N,N,13.7,6.8,13.5,3.6,13.9,4.7,N,N,11.8,4.9,12.7,3.6,12.4,3.9,N,N,15.0,7.1,12.0,2.8,11.2,3.8,N,N,13.8,5.9,19.7,4.0,21.5,5.6,N,N,13.3,5.4,10.4,2.9,12.4,3.9,N,N,6.3,4.8,9.8,3.5,13.8,4.7,N,N,1.2,2.0,1.9,1.3,2.8,1.9,N,N,0.0,1.9,0.7,0.7,1.0,1.0,N,N,0.0,1.9,40075,5953,51623,9454,60636,3530,24643,7369,50197,3877,59341,5338,N,N,29819,4825,29.6,(X),(X),(X),(X),(X),(X),(X),(X),(X),32.4,(X),(X),(X),(X),(X),(X),(X),(X),(X),(X),(X),23.2,(X)
0500000US36001,36001,"Albany County, New York",123251,2036,66647,2627,50198,2580,56604,2717,6.1,1.1,3.8,1.2,1.1,0.9,9.7,2.1,5.4,1.1,3.0,0.9,1.9,1.2,8.3,2.3,10.3,1.3,6.5,1.5,3.7,1.4,14.9,2.3,9.8,1.3,6.9,1.6,5.1,1.6,13.5,2.1,12.8,1.5,8.7,1.5,6.3,1.6,17.8,2.4,17.3,1.7,15.9,1.9,15.7,2.2,18.5,2.6,12.9,1.5,15.5,1.9,16.5,2.2,10.1,1.9,14.8,1.6,22.6,2.4,27.3,3.2,5.1,1.4,5.9,1.0,9.2,1.5,12.0,2.0,1.4,0.9,4.7,0.8,7.9,1.4,10.4,1.8,0.8,0.6,55778,2267,84632,3386,99687,5050,37006,1913,77695,3135,101667,5028,N,N,47161,2806,34.4,(X),(X),(X),(X),(X),(X),(X),(X),(X),32.4,(X),(X),(X),(X),(X),(X),(X),(X),(X),(X),(X),35.3,(X)
0500000US36005,36005,"Bronx County, New York",481143,3463,314768,5546,129307,4971,166375,5272,16.7,0.9,12.3,1.0,4.5,1.0,27.8,2.0,9.1,0.8,7.7,0.8,4.7,1.0,11.8,1.5,13.8,0.8,13.9,0.9,9.7,1.2,14.4,1.7,11.8,0.8,12.8,1.0,10.2,1.5,10.2,1.4,12.9,0.9,13.9,1.1,13.3,1.8,11.2,1.2,15.2,0.9,16.0,1.0,18.1,1.7,13.4,1.6,8.9,0.7,9.8,0.9,14.8,1.8,5.7,1.1,7.6,0.6,8.5,0.8,14.8,1.6,4.2,0.7,2.4,0.4,3.0,0.5,5.7,1.2,0.9,0.4,1.7,0.3,2.1,0.4,4.1,0.7,0.5,0.3,33009,1597,37357,1141,58001,3653,21551,1255,48800,1278,53695,1652,74996,3009,35324,1931,37.9,(X),(X),(X),(X),(X),(X),(X),(X),(X),40.4,(X),(X),(X),(X),(X),(X),(X),(X),(X),(X),(X),29.6,(X)
0500000US36007,36007,"Broome County, New York",76714,1873,47242,2350,33959,1927,29472,2043,8.6,1.6,4.4,1.7,1.0,0.9,16.6,3.2,6.4,1.3,3.4,1.1,1.9,1.0,12.1,2.8,13.7,1.9,10.7,1.9,5.8,1.5,19.6,3.7,10.9,1.7,9.1,1.9,9.2,2.4,13.3,2.9,14.0,1.7,12.7,2.2,12.4,2.4,15.2,2.7,17.9,1.9,20.7,2.5,21.8,2.8,13.1,3.2,12.1,1.6,16.2,2.2,18.5,2.7,5.3,2.1,9.9,1.6,13.4,2.2,16.8,2.8,3.1,1.4,3.4,0.8,5.0,1.2,6.5,1.7,0.8,0.6,3.1,0.8,4.4,1.2,6.0,1.6,1.0,0.7,45560,2594,61344,3624,71947,3248,26120,3022,62422,3435,76417,4141,N,N,37810,5063,29.5,(X),(X),(X),(X),(X),(X),(X),(X),(X),30.9,(X),(X),(X),(X),(X),(X),(X),(X),(X),(X),(X),25.8,(X)
0500000US36009,36009,"Cattaraugus County, New York",32271,1035,20628,1060,14580,970,11643,1024,6.6,1.5,4.7,1.7,1.7,1.0,11.4,2.9,7.7,1.5,4.0,1.3,2.9,1.2,14.8,3.6,13.8,2.1,10.4,2.2,6.6,2.2,21.6,4.6,15.3,2.4,12.6,2.8,9.0,2.6,20.4,4.7,16.8,2.1,18.0,3.1,18.8,3.2,13.9,3.0,16.7,1.9,21.1,2.5,23.4,3.0,7.9,3.1,11.4,1.9,14.5,2.6,18.6,3.2,4.1,2.7,8.4,1.8,10.5,2.2,13.7,2.8,4.5,2.9,1.9,0.7,2.6,1.1,3.4,1.6,0.6,0.8,1.4,0.7,1.7,1.0,1.8,1.3,0.9,1.0,40362,2751,50339,4075,62811,4940,25831,1879,53813,3177,61195,3846,N,N,38031,6171,28.5,(X),(X),(X),(X),(X),(X),(X),(X),(X),27.9,(X),(X),(X),(X),(X),(X),(X),(X),(X),(X),(X),27.5,(X)
0500000US36011,36011,"Cayuga County, New York",30784,1123,18753,1261,14109,1095,12031,1173,8.3,2.6,3.4,1.8,0.8,0.6,17.3,5.5,4.6,1.0,1.6,0.8,1.0,0.7,9.7,2.8,12.7,2.3,8.4,2.4,5.7,2.2,20.9,5.1,10.2,2.2,8.4,2.5,6.9,2.2,13.3,4.3,14.0,2.7,14.1,3.5,11.3,3.0,13.0,3.5,19.0,2.7,21.9,2.9,24.0,3.7,13.8,4.6,11.4,2.1,14.5,3.1,16.9,3.5,6.7,3.0,13.3,2.1,17.3,3.1,19.5,3.4,5.1,2.2,3.4,0.9,5.4,1.6,7.2,2.0,0.1,0.2,3.1,1.3,5.1,2.1,6.8,2.7,0.0,1.3,50154,3887,66606,4632,75859,7312,26715,4692,63694,3805,80198,5752,N,N,35368,2925,34.0,(X),(X),(X),(X),(X),(X),(X),(X),(X),35.6,(X),(X),(X),(X),(X),(X),(X),(X),(X),(X),(X),29.5,(X)
0500000US36013,36013,"Chautauqua County, New York",54551,1839,32692,1699,23896,1431,21859,1495,9.7,2.0,6.5,2.1,2.1,1.3,16.3,4.0,7.3,1.4,4.1,1.4,1.5,1.0,12.7,2.9,12.6,2.0,8.3,2.2,6.6,2.0,20.1,3.5,14.5,2.2,11.9,2.4,10.4,2.2,18.9,4.1,15.2,2.1,18.2,3.0,19.2,3.6,10.2,2.4,18.8,2.3,21.7,3.0,23.4,3.5,11.7,2.9,11.1,1.6,12.9,2.0,16.1,2.6,7.6,2.8,7.6,1.2,11.4,1.8,14.6,2.3,2.1,1.3,2.3,0.8,3.6,1.3,4.3,1.4,0.4,0.4,0.8,0.4,1.3,0.7,1.8,1.0,0.1,0.2,40413,2140,50644,2839,59563,5344,25433,2340,52366,2915,64016,4365,74494,5699,32810,2204,30.4,(X),(X),(X),(X),(X),(X),(X),(X),(X),29.4,(X),(X),(X),(X),(X),(X),(X),(X),(X),(X),(X),30.4,(X)
0500000US36015,36015,"Chemung County, New York",35838,983,21750,1487,N,N,14088,1425,7.8,2.1,5.4,2.0,N,N,13.0,4.5,7.4,2.2,4.6,2.2,N,N,11.8,4.6,14.3,2.7,10.3,3.2,N,N,20.6,5.4,8.7,2.4,8.1,2.4,N,N,11.3,4.8,17.0,3.0,14.3,3.3,N,N,20.0,4.7,16.8,2.8,18.7,3.2,N,N,12.3,4.0,11.7,2.4,14.0,3.4,N,N,7.8,3.3,9.5,1.9,13.8,2.8,N,N,3.0,1.6,4.2,1.4,6.7,2.2,N,N,0.2,0.4,2.6,1.1,4.3,1.8,N,N,0.0,1.1,45237,3751,59760,7204,72566,6730,29104,5029,63093,5033,79782,7635,N,N,35874,2861,37.4,(X),(X),(X),(X),(X),(X),(X),(X),(X),36.6,(X),(X),(X),(X),(X),(X),(X),(X),(X),(X),(X),38.6,(X)
0500000US36019,36019,"Clinton County, New York",31862,914,20450,1478,N,N,11412,1251,6.1,2.1,4.8,2.0,N,N,11.0,4.6,6.1,1.9,5.8,2.6,N,N,9.1,3.5,14.1,3.5,9.5,3.4,N,N,22.2,6.5,14.0,3.2,8.4,3.2,N,N,22.9,6.9,14.5,2.8,16.7,2.9,N,N,8.9,3.4,18.6,3.4,19.3,4.3,N,N,15.9,5.5,10.4,2.1,13.0,3.1,N,N,5.6,2.9,9.8,2.6,13.3,3.4,N,N,3.6,2.4,3.7,1.6,5.4,2.4,N,N,0.8,1.1,2.6,1.3,3.8,1.9,N,N,0.0,1.3,43892,5665,55856,7472,70770,4152,29267,3428,61200,5675,73685,7849,N,N,36404,3518,25.6,(X),(X),(X),(X),(X),(X),(X),(X),(X),22.5,(X),(X),(X),(X),(X),(X),(X),(X),(X),(X),(X),28.5,(X)
0500000US36027,36027,"Dutchess County, New York",107752,2132,72476,2518,55938,2480,35276,2123,4.1,1.0,2.8,1.0,0.8,0.7,7.8,2.1,3.0,0.8,1.2,0.6,0.3,0.3,6.9,2.1,8.8,1.5,4.4,1.3,1.8,0.8,18.5,3.4,9.7,1.6,7.0,1.5,4.5,1.2,14.6,3.4,9.7,1.4,8.3,1.4,7.2,1.5,13.0,2.8,17.0,1.8,16.5,2.0,15.4,2.1,19.4,3.6,15.0,1.4,16.8,2.0,18.3,2.4,9.5,2.4,17.4,1.7,23.0,2.3,26.3,2.8,5.7,1.9,8.6,1.1,11.0,1.5,13.9,1.8,2.9,1.3,6.8,1.0,9.0,1.5,11.5,1.9,1.8,0.9,70056,4183,89678,3606,101641,4201,38293,4923,89242,3370,106021,4793,N,N,51770,3554,33.7,(X),(X),(X),(X),(X),(X),(X),(X),(X),32.9,(X),(X),(X),(X),(X),(X),(X),(X),(X),(X),(X),34.1,(X)
0500000US36029,36029,"Erie County, New York",381927,3915,231353,4671,163002,4063,150574,5309,8.5,0.7,4.9,0.7,1.4,0.5,14.6,1.3,5.7,0.6,3.1,0.6,1.1,0.4,10.3,1.3,11.0,0.8,7.0,0.9,4.1,0.7,17.4,1.5,10.1,0.7,7.9,0.8,5.3,0.7,14.0,1.5,13.4,0.8,12.8,1.1,11.2,1.3,14.7,1.3,19.1,1.0,20.8,1.2,21.9,1.4,15.9,1.4,12.3,0.7,15.7,1.1,18.4,1.4,6.5,1.0,12.2,0.8,16.7,1.1,21.7,1.4,4.5,0.9,4.2,0.5,6.2,0.8,8.3,1.0,1.1,0.5,3.3,0.4,4.8,0.6,6.5,0.9,0.9,0.4,51245,1158,66071,1465,81901,2057,30358,1268,66560,1234,82247,1765,98171,2440,40551,1544,33.0,(X),(X),(X),(X),(X),(X),(X),(X),(X),33.8,(X),(X),(X),(X),(X),(X),(X),(X),(X),(X),(X),30.7,(X)
0500000US36045,36045,"Jefferson County, New York",42466,1692,29454,1864,N,N,13012,1302,7.8,1.9,4.0,1.9,N,N,17.1,4.8,6.7,1.7,5.3,2.2,N,N,11.7,3.6,9.4,1.9,7.4,2.2,N,N,15.0,4.0,11.1,1.8,7.6,2.1,N,N,16.4,4.2,17.2,2.6,17.6,3.5,N,N,16.3,4.9,21.1,3.1,25.0,3.8,N,N,13.8,5.0,10.0,2.0,12.7,2.8,N,N,2.0,1.2,12.4,2.1,15.6,2.9,N,N,4.7,3.0,2.8,1.2,3.2,1.4,N,N,1.2,1.1,1.6,0.9,1.5,1.1,N,N,1.8,1.6,46683,3783,56441,2752,62452,5096,29094,4087,59121,3601,66386,4165,N,N,39906,7222,27.1,(X),(X),(X),(X),(X),(X),(X),(X),(X),27.0,(X),(X),(X),(X),(X),(X),(X),(X),(X),(X),(X),23.3,(X)
0500000US36047,36047,"Kings County, New York",925489,4942,586156,7588,346421,7885,339333,7098,11.7,0.5,7.4,0.5,3.0,0.5,20.4,1.0,6.8,0.4,6.1,0.5,5.6,0.5,8.5,0.8,10.8,0.5,11.0,0.6,8.8,0.7,11.1,0.8,9.9,0.5,10.7,0.6,9.5,0.7,9.1,0.7,12.2,0.5,12.2,0.6,10.7,0.7,12.1,0.8,16.2,0.6,16.7,0.7,15.8,0.8,15.0,1.0,10.3,0.4,10.9,0.6,12.2,0.8,8.7,0.7,11.8,0.4,13.0,0.7,16.5,0.9,8.9,0.7,4.9,0.3,5.6,0.4,8.1,0.6,3.0,0.5,5.4,0.3,6.4,0.4,9.7,0.7,3.1,0.4,47520,1145,52929,1609,69796,1972,36029,1169,71501,1423,78776,1891,98717,3033,55214,1798,44.3,(X),(X),(X),(X),(X),(X),(X),(X),(X),47.2,(X),(X),(X),(X),(X),(X),(X),(X),(X),(X),(X),37.2,(X)
0500000US36051,36051,"Livingston County, New York",23853,849,15439,1101,N,N,8414,1024,6.4,2.0,3.2,1.8,N,N,13.6,5.2,4.4,1.8,5.1,2.5,N,N,9.5,4.9,10.7,2.6,4.7,2.5,N,N,17.2,5.8,11.8,2.6,9.2,3.4,N,N,16.4,4.9,13.8,3.2,10.9,4.0,N,N,17.7,5.6,18.1,3.2,18.7,4.0,N,N,16.7,5.3,14.7,3.5,19.4,5.1,N,N,5.4,2.5,14.2,2.9,20.2,4.2,N,N,2.8,2.3,3.8,1.5,5.6,2.3,N,N,0.3,0.6,2.1,1.3,3.0,2.0,N,N,0.4,0.5,52061,4206,72532,5576,80338,7418,31131,4813,64018,3765,77938,5292,N,N,36224,3473,28.8,(X),(X),(X),(X),(X),(X),(X),(X),(X),24.5,(X),(X),(X),(X),(X),(X),(X),(X),(X),(X),(X),34.5,(X)
0500000US36053,36053,"Madison County, New York",26518,1170,17246,1358,N,N,9272,1176,5.7,1.9,3.2,1.8,N,N,11.8,4.9,3.6,1.4,2.3,1.4,N,N,6.6,3.5,13.6,3.3,10.4,4.3,N,N,20.3,6.2,9.7,2.5,6.6,2.7,N,N,14.0,5.4,14.2,3.2,13.2,4.0,N,N,16.7,5.6,20.7,3.4,21.6,4.0,N,N,18.7,6.7,10.7,2.6,14.3,3.5,N,N,3.1,2.1,15.7,3.0,19.2,3.6,N,N,8.1,4.4,3.7,1.4,5.6,2.2,N,N,0.3,0.5,2.5,1.5,3.6,2.4,N,N,0.4,0.5,52300,5299,67404,6582,78833,6604,32393,4928,66782,4971,79438,6907,N,N,41314,5105,40.8,(X),(X),(X),(X),(X),(X),(X),(X),(X),40.3,(X),(X),(X),(X),(X),(X),(X),(X),(X),(X),(X),41.1,(X)
0500000US36055,36055,"Monroe County, New York",298314,3558,181917,4414,127385,3655,116397,4589,8.2,0.8,5.7,0.9,1.6,0.6,13.0,1.4,5.4,0.6,3.3,0.7,0.9,0.4,9.2,1.4,10.7,0.8,6.3,0.9,3.1,0.6,17.9,1.7,10.3,0.8,7.7,0.9,5.3,0.8,14.8,1.5,13.5,1.1,11.9,1.2,10.7,1.4,16.1,1.7,18.7,1.1,21.0,1.6,22.6,1.9,15.0,1.4,12.2,1.0,15.2,1.4,17.9,1.6,6.9,1.0,12.2,0.8,16.5,1.2,21.5,1.5,4.5,0.9,4.8,0.6,7.0,0.9,9.2,1.2,1.4,0.5,4.0,0.5,5.5,0.8,7.2,1.0,1.3,0.5,51665,1167,66632,2148,82407,2271,31227,1097,69700,1683,85766,2411,103206,3351,42396,1783,27.9,(X),(X),(X),(X),(X),(X),(X),(X),(X),28.6,(X),(X),(X),(X),(X),(X),(X),(X),(X),(X),(X),25.8,(X)
0500000US36059,36059,"Nassau County, New York",438588,2909,332159,5064,258986,5271,106429,4254,3.2,0.4,1.9,0.3,1.0,0.3,8.4,1.1,2.5,0.3,0.9,0.2,0.3,0.1,8.0,1.1,6.5,0.7,4.0,0.6,2.2,0.5,15.6,1.7,5.5,0.5,4.1,0.6,3.3,0.5,9.3,1.3,8.7,0.7,7.2,0.7,6.1,0.7,12.9,1.8,13.2,0.9,12.4,1.0,11.0,1.0,16.1,1.9,12.2,0.7,13.0,0.8,12.1,0.8,10.4,1.5,20.1,1.0,22.8,1.2,24.6,1.3,10.0,1.1,11.7,0.7,13.5,0.9,15.2,0.9,4.8,1.1,16.5,0.7,20.1,0.8,24.2,1.1,4.5,1.1,96193,2415,111908,2505,126597,2454,45212,3235,125744,2338,142148,2753,158979,3311,67774,4032,41.5,(X),(X),(X),(X),(X),(X),(X),(X),(X),42.3,(X),(X),(X),(X),(X),(X),(X),(X),(X),(X),(X),37.0,(X)
0500000US36061,36061,"New York County, New York",726357,8266,293761,7284,190158,7071,432596,7986,10.2,0.7,6.8,1.0,2.8,0.7,12.8,1.1,4.9,0.5,4.3,0.8,2.5,0.7,5.4,0.7,8.7,0.7,8.5,1.0,4.9,0.9,8.9,0.9,6.6,0.6,7.2,1.0,4.1,0.8,6.4,0.7,8.5,0.6,8.1,0.8,5.2,0.9,8.8,0.9,11.9,0.7,10.4,1.1,8.7,1.3,12.9,0.9,9.4,0.6,7.8,0.9,7.9,1.1,10.2,1.0,13.9,0.9,13.2,1.2,16.5,1.7,14.3,1.1,7.9,0.7,8.3,1.1,11.3,1.5,7.6,0.7,18.0,0.9,25.4,1.4,36.1,2.1,12.8,1.2,72190,2200,88247,4882,140891,3747,63017,4012,134222,5650,177804,9599,240133,13857,103587,5671,29.6,(X),(X),(X),(X),(X),(X),(X),(X),(X),36.3,(X),(X),(X),(X),(X),(X),(X),(X),(X),(X),(X),24.7,(X)
0500000US36063,36063,"Niagara County, New York",87970,1709,53590,2222,38395,2399,34380,2029,7.4,1.3,4.4,1.5,1.4,1.0,14.1,2.9,5.9,1.2,3.3,1.2,1.3,0.8,10.5,2.7,12.5,1.9,6.6,1.5,4.3,1.6,22.4,3.9,13.2,2.0,9.8,2.0,7.9,2.1,18.7,3.5,13.3,1.5,13.8,1.9,12.8,2.0,12.6,2.7,19.4,2.1,23.8,3.0,25.1,3.7,11.9,2.8,11.6,1.5,15.0,2.0,17.4,2.6,4.8,1.8,10.9,1.2,15.8,2.0,19.6,2.4,2.9,1.2,4.0,1.0,5.1,1.4,6.7,1.9,1.6,1.4,1.7,0.6,2.5,0.9,3.4,1.2,0.5,0.6,46775,2992,61897,3835,72347,2347,26253,1666,60740,3297,74543,4848,86489,6141,35667,3060,29.5,(X),(X),(X),(X),(X),(X),(X),(X),(X),30.6,(X),(X),(X),(X),(X),(X),(X),(X),(X),(X),(X),25.9,(X)
0500000US36065,36065,"Oneida County, New York",89648,2072,52519,1893,36600,1846,37129,2144,8.8,1.6,3.6,1.1,1.8,0.9,16.9,3.3,6.6,1.2,4.0,1.1,1.9,0.8,10.5,2.7,13.3,1.8,9.8,2.1,7.1,2.1,19.1,3.3,12.7,1.6,10.4,2.1,8.4,2.2,16.1,2.5,14.4,1.8,13.8,2.3,11.1,2.2,15.9,3.1,18.2,1.8,21.8,2.4,22.8,3.0,12.1,2.3,11.5,1.5,16.0,2.3,19.3,2.9,4.8,1.5,10.0,1.3,13.9,1.9,18.3,2.4,3.3,1.4,2.6,0.6,4.0,1.0,5.6,1.4,0.4,0.4,1.9,0.6,2.7,0.9,3.8,1.3,0.7,0.5,43702,2971,59496,4298,71849,4873,27069,2651,56470,2184,69899,3605,N,N,35258,2299,35.0,(X),(X),(X),(X),(X),(X),(X),(X),(X),34.5,(X),(X),(X),(X),(X),(X),(X),(X),(X),(X),(X),35.6,(X)
0500000US36067,36067,"Onondaga County, New York",184316,2473,111862,3302,77968,2819,72454,2965,8.6,1.2,4.8,1.0,1.4,0.6,15.4,2.4,5.3,0.7,3.2,0.7,0.9,0.4,9.3,1.6,9.2,0.9,6.7,1.1,3.2,0.8,15.0,1.6,10.7,1.0,7.5,1.0,5.1,1.0,15.8,2.1,13.8,1.1,14.0,1.5,11.9,1.7,13.4,1.6,18.4,1.2,17.9,1.7,19.7,2.1,16.9,1.9,12.4,1.1,16.2,1.6,18.4,1.9,6.8,1.3,12.4,1.1,17.3,1.6,22.4,2.0,4.6,1.3,4.8,0.8,6.5,1.0,8.9,1.4,1.5,0.8,4.3,0.6,6.0,0.9,8.1,1.1,1.4,0.6,52110,1506,69720,2913,84272,3407,31089,1313,70944,2333,87030,2968,105126,4459,43096,2757,32.9,(X),(X),(X),(X),(X),(X),(X),(X),(X),33.7,(X),(X),(X),(X),(X),(X),(X),(X),(X),(X),(X),30.2,(X)
0500000US36069,36069,"Ontario County, New York",43028,1307,29457,1686,21815,1650,13571,1231,4.8,1.7,2.0,1.2,0.3,0.3,11.7,4.9,3.9,1.2,2.7,1.4,0.7,0.5,8.2,3.0,9.7,2.4,6.4,2.4,3.0,1.6,17.9,5.2,10.8,2.2,7.4,2.0,6.3,2.2,19.4,5.3,12.1,2.4,10.3,2.5,8.0,2.8,15.5,4.2,19.9,2.6,22.5,3.5,25.2,4.1,13.1,3.1,14.9,2.6,17.8,3.3,18.5,3.5,8.1,3.7,13.9,2.4,18.1,3.3,22.7,4.3,3.4,2.1,5.3,1.8,6.8,2.7,8.3,3.3,1.6,1.2,4.6,1.7,5.9,2.5,7.0,2.8,1.2,1.1,58165,2289,71806,5871,85018,6546,29561,2050,75316,5180,89092,7220,N,N,41557,3964,25.2,(X),(X),(X),(X),(X),(X),(X),(X),(X),25.9,(X),(X),(X),(X),(X),(X),(X),(X),(X),(X),(X),21.0,(X)
0500000US36071,36071,"Orange County, New York",123977,2276,89052,3232,66899,2935,34925,2847,5.2,1.0,3.4,1.1,2.1,0.9,11.5,2.8,3.5,0.7,2.7,1.0,1.9,0.9,6.2,2.0,9.2,1.3,7.6,1.4,4.0,1.1,15.7,3.1,7.8,1.2,5.9,1.2,4.8,1.1,12.8,2.7,11.6,1.6,10.8,1.8,7.7,1.8,14.1,2.5,16.7,1.6,17.2,1.8,17.2,2.1,14.7,2.9,13.0,1.2,14.0,1.6,15.7,1.9,9.2,2.8,17.4,1.6,19.9,2.0,23.4,2.4,10.0,2.0,9.1,1.3,10.9,1.5,13.3,1.8,3.4,1.6,6.4,1.1,7.7,1.3,9.8,1.7,2.4,1.3,68950,2495,79574,5459,94454,3948,37838,5032,89071,4727,99370,6214,114225,8202,56383,5005,46.3,(X),(X),(X),(X),(X),(X),(X),(X),(X),46.4,(X),(X),(X),(X),(X),(X),(X),(X),(X),(X),(X),44.1,(X)
0500000US36075,36075,"Oswego County, New York",45327,1415,30626,1635,23012,1553,14701,1476,7.8,2.0,5.1,2.1,1.3,0.9,16.4,4.1,5.4,1.4,4.3,1.6,2.6,1.4,8.4,2.8,12.9,2.3,9.9,2.6,5.8,2.1,19.2,3.9,12.5,2.1,7.6,2.0,6.9,2.3,21.3,5.5,13.7,1.9,13.8,2.7,12.4,2.8,12.3,3.4,16.3,2.2,20.5,2.9,22.6,3.3,8.9,3.4,15.4,2.2,17.0,3.0,21.4,3.7,10.3,3.8,10.6,1.7,14.6,2.3,18.2,2.9,2.4,1.4,3.4,1.3,4.4,1.9,5.2,2.3,0.4,0.6,1.9,0.8,2.7,1.1,3.6,1.4,0.3,0.5,46533,4134,62663,4092,72869,4431,27440,3118,60106,2873,70829,3960,N,N,34914,3203,33.4,(X),(X),(X),(X),(X),(X),(X),(X),(X),33.2,(X),(X),(X),(X),(X),(X),(X),(X),(X),(X),(X),33.5,(X)
0500000US36079,36079,"Putnam County, New York",32251,1474,25632,1444,N,N,6619,1130,3.6,1.6,1.5,1.3,N,N,12.7,6.0,1.2,0.8,0.5,0.6,N,N,3.9,2.9,6.6,2.4,3.9,2.0,N,N,17.7,7.6,6.8,2.2,6.0,2.3,N,N,10.1,5.6,5.4,1.8,5.4,2.0,N,N,4.7,3.1,14.9,3.0,15.1,3.1,N,N,15.2,6.1,14.0,2.8,16.2,3.1,N,N,6.5,4.4,22.9,3.7,24.2,4.2,N,N,16.2,5.9,12.8,2.6,14.5,3.1,N,N,5.6,3.4,11.9,2.9,12.7,3.5,N,N,7.4,4.3,93746,6264,102453,11545,112405,8644,50560,18631,116185,8595,124999,9937,N,N,77576,15674,43.1,(X),(X),(X),(X),(X),(X),(X),(X),(X),45.5,(X),(X),(X),(X),(X),(X),(X),(X),(X),(X),(X),30.6,(X)
0500000US36081,36081,"Queens County, New York",784243,4427,522704,6613,350303,6618,261539,6517,7.3,0.4,4.6,0.5,2.4,0.4,13.7,1.1,4.6,0.4,3.1,0.4,2.1,0.4,8.1,1.0,10.2,0.6,9.4,0.6,8.1,0.7,12.9,1.0,9.2,0.6,9.1,0.7,8.3,0.7,10.2,1.1,13.2,0.6,13.3,0.7,12.1,0.7,14.0,1.0,17.3,0.7,17.6,0.8,17.1,0.9,16.6,1.1,13.2,0.6,13.5,0.8,14.6,1.0,11.4,0.9,14.6,0.6,16.9,0.8,19.6,1.0,8.5,0.8,5.8,0.4,7.1,0.5,8.7,0.7,2.5,0.5,4.4,0.4,5.3,0.5,7.0,0.6,2.0,0.4,56599,943,63030,1282,74713,1717,40048,1533,73656,1195,81203,1488,91383,1706,53372,1903,48.1,(X),(X),(X),(X),(X),(X),(X),(X),(X),50.8,(X),(X),(X),(X),(X),(X),(X),(X),(X),(X),(X),40.5,(X)
0500000US36083,36083,"Rensselaer County, New York",63981,1648,40710,1986,30511,1810,23271,1687,6.1,1.3,3.8,1.3,0.8,0.7,11.8,3.4,6.7,1.5,3.8,2.0,1.5,0.9,10.7,3.2,7.6,1.5,6.3,1.8,3.8,1.8,11.2,2.9,9.0,1.9,7.7,2.2,6.4,1.9,10.9,3.0,14.6,2.6,9.2,2.2,9.9,2.6,23.2,4.9,19.3,2.5,21.0,2.9,21.3,3.6,16.8,3.5,13.2,2.5,16.5,3.2,18.4,3.7,7.0,2.7,14.5,1.9,18.8,2.7,21.6,3.6,7.6,2.9,5.9,1.3,8.3,1.8,10.5,2.3,0.8,0.6,2.9,0.9,4.5,1.4,5.8,1.8,0.2,0.3,57438,3638,73362,3416,83092,3387,37978,2706,71086,3520,85876,5299,N,N,43757,3615,26.6,(X),(X),(X),(X),(X),(X),(X),(X),(X),25.9,(X),(X),(X),(X),(X),(X),(X),(X),(X),(X),(X),26.0,(X)
0500000US36085,36085,"Richmond County, New York",167629,1823,122079,3225,87951,3251,45550,2975,6.9,1.2,4.9,1.0,2.0,0.7,13.1,3.2,3.7,0.9,2.3,0.8,1.0,0.4,7.9,2.2,8.8,1.2,6.3,1.3,3.5,1.1,16.3,3.2,7.2,1.0,6.0,1.2,5.5,1.4,10.4,2.6,9.6,1.1,9.0,1.1,7.9,1.5,11.5,2.7,17.1,1.6,15.9,1.8,15.4,1.9,20.9,3.6,12.0,1.2,12.4,1.5,12.9,1.9,10.2,2.3,18.0,1.5,21.8,2.0,24.9,2.1,6.7,1.9,9.0,1.1,11.6,1.6,14.6,2.1,1.7,0.8,7.6,1.0,9.8,1.3,12.1,1.7,1.3,1.1,69633,3474,86077,4768,102153,3808,36227,2254,90193,3625,104824,4631,118743,5158,47910,3509,43.9,(X),(X),(X),(X),(X),(X),(X),(X),(X),44.4,(X),(X),(X),(X),(X),(X),(X),(X),(X),(X),(X),41.4,(X)
0500000US36087,36087,"Rockland County, New York",98294,1337,73854,2205,58924,2230,24440,2069,4.7,1.1,2.5,0.9,1.6,0.7,12.9,3.0,5.4,1.2,3.3,0.8,3.6,0.9,12.1,3.8,8.4,1.4,7.3,1.5,4.8,1.2,13.2,3.1,6.2,1.3,5.8,1.4,5.4,1.4,6.8,2.7,8.2,1.3,6.7,1.5,5.9,1.5,13.2,3.1,13.4,1.6,12.2,1.7,10.9,1.7,17.5,3.6,12.7,1.8,13.4,2.0,12.7,2.1,9.9,2.8,18.9,1.9,21.7,2.1,23.4,2.6,9.0,2.7,10.1,1.2,12.5,1.6,14.2,1.8,2.9,1.5,11.9,1.6,14.6,2.1,17.5,2.5,2.5,1.3,80942,3050,98045,5334,106758,5079,41962,6309,105528,4823,120394,6062,N,N,55273,4839,36.3,(X),(X),(X),(X),(X),(X),(X),(X),(X),38.3,(X),(X),(X),(X),(X),(X),(X),(X),(X),(X),(X),27.7,(X)
0500000US36089,36089,"St. Lawrence County, New York",41299,1218,26132,1372,19380,1254,15167,1255,9.9,2.3,8.5,3.4,3.9,2.3,15.1,3.8,5.9,1.6,3.4,1.7,2.4,1.3,10.2,3.0,12.8,2.1,9.1,2.7,8.5,3.0,20.0,3.9,10.1,2.0,9.6,2.0,8.8,2.2,12.8,4.0,15.6,2.4,13.7,2.9,12.9,3.0,17.7,4.0,21.5,2.3,23.7,2.8,24.3,3.5,14.8,4.5,10.9,2.1,14.1,2.8,16.1,3.5,4.5,2.5,9.9,1.8,12.9,2.6,16.3,3.2,4.4,2.0,2.0,0.8,2.7,1.1,3.6,1.5,0.5,0.6,1.5,0.9,2.4,1.5,3.2,1.9,0.0,0.1,45157,4959,52930,3237,62540,8153,29074,3826,57237,4893,67946,7561,N,N,35745,3043,28.6,(X),(X),(X),(X),(X),(X),(X),(X),(X),28.5,(X),(X),(X),(X),(X),(X),(X),(X),(X),(X),(X),27.8,(X)
0500000US36091,36091,"Saratoga County, New York",90397,1708,59181,2306,46820,2250,31216,2212,3.8,1.1,2.1,0.8,0.6,0.4,7.5,2.5,3.0,0.9,0.9,0.5,0.4,0.3,7.3,2.3,8.5,1.6,3.8,1.0,2.0,0.8,17.6,4.1,7.8,1.4,6.9,1.7,4.6,1.7,11.7,2.6,11.1,1.4,8.3,1.3,7.6,1.5,16.0,3.6,18.0,2.0,18.3,2.2,16.0,2.0,17.1,3.4,15.1,2.1,17.8,2.7,19.2,3.0,9.9,3.2,20.2,2.2,25.3,2.8,30.5,3.3,8.7,2.4,6.6,1.2,8.5,1.7,9.8,2.0,2.6,1.3,5.9,1.1,7.9,1.5,9.4,1.8,1.7,1.2,70673,4132,87360,4682,99585,4187,41137,4476,86669,3552,102215,4078,N,N,53970,4871,30.1,(X),(X),(X),(X),(X),(X),(X),(X),(X),28.2,(X),(X),(X),(X),(X),(X),(X),(X),(X),(X),(X),33.1,(X)
0500000US36093,36093,"Schenectady County, New York",57526,1434,35637,1731,N,N,21889,1866,6.5,1.7,4.5,1.9,N,N,9.7,3.0,7.1,1.5,4.8,2.0,N,N,12.9,3.5,9.3,1.8,4.7,1.6,N,N,18.5,4.1,9.2,2.2,7.3,2.6,N,N,11.8,2.8,14.4,2.0,11.2,2.2,N,N,17.9,4.5,18.2,2.4,18.7,2.8,N,N,17.3,4.2,12.4,1.9,16.8,2.9,N,N,5.2,2.2,14.4,1.8,19.7,2.5,N,N,4.7,2.4,5.7,1.3,8.4,2.0,N,N,1.3,0.9,2.7,0.9,3.9,1.4,N,N,0.8,0.7,54293,3343,73597,5311,85889,6827,31742,5447,68020,3120,83153,4570,N,N,41135,3524,23.2,(X),(X),(X),(X),(X),(X),(X),(X),(X),22.8,(X),(X),(X),(X),(X),(X),(X),(X),(X),(X),(X),23.4,(X)
0500000US36101,36101,"Steuben County, New York",41241,1203,26663,1333,19691,1333,14578,1281,7.1,1.7,2.8,1.2,0.9,0.7,16.3,3.9,5.9,2.0,3.8,1.5,1.7,0.9,10.8,4.5,12.5,2.0,8.3,2.0,6.6,2.0,20.4,3.8,13.8,2.8,11.7,2.6,9.6,2.6,17.6,4.4,13.2,1.9,16.2,2.3,14.9,2.4,9.7,2.8,19.2,2.3,21.8,2.7,23.0,3.3,13.5,3.7,12.7,2.1,16.6,2.9,18.8,3.2,4.4,2.1,10.6,1.8,13.1,2.2,17.0,2.7,3.6,2.0,2.4,0.8,2.7,1.1,3.7,1.4,1.8,1.6,2.5,1.1,3.0,1.3,3.9,1.7,1.6,2.2,47046,3175,57983,3716,67670,4915,26477,3866,62376,4779,72688,6192,N,N,40239,6761,30.0,(X),(X),(X),(X),(X),(X),(X),(X),(X),29.1,(X),(X),(X),(X),(X),(X),(X),(X),(X),(X),(X),30.6,(X)
0500000US36103,36103,"Suffolk County, New York",496958,4027,367123,6022,285036,6720,129835,4806,3.6,0.4,2.3,0.4,1.0,0.3,8.9,1.3,3.2,0.5,1.4,0.3,0.7,0.2,8.9,1.5,6.4,0.6,3.9,0.6,2.6,0.5,13.3,1.4,6.8,0.6,5.2,0.6,4.3,0.7,11.7,1.4,9.1,0.8,7.7,0.9,6.5,0.8,14.6,1.7,14.9,0.8,15.2,1.0,13.2,1.0,15.3,1.8,13.6,0.8,15.0,1.0,14.5,1.2,9.5,1.3,20.7,0.9,23.7,1.1,26.2,1.4,11.3,1.4,10.5,0.7,12.4,0.8,14.7,1.0,2.8,0.7,11.1,0.7,13.3,0.8,16.4,1.0,3.8,0.8,85439,1792,98447,2927,110872,2134,41914,1842,106778,2288,120474,2782,134961,3309,60817,2892,40.2,(X),(X),(X),(X),(X),(X),(X),(X),(X),40.6,(X),(X),(X),(X),(X),(X),(X),(X),(X),(X),(X),36.1,(X)
0500000US36105,36105,"Sullivan County, New York",27508,1768,16079,1643,N,N,11429,1372,8.1,2.5,4.9,2.8,N,N,13.6,4.7,10.1,3.0,5.4,2.7,N,N,16.5,5.8,8.5,2.1,7.7,3.3,N,N,12.1,4.2,10.3,2.6,10.7,3.3,N,N,9.1,4.0,15.2,3.3,14.0,4.2,N,N,14.9,5.1,21.5,3.4,23.8,4.5,N,N,19.5,5.7,9.6,2.1,11.9,3.2,N,N,5.5,3.0,10.9,2.6,13.3,3.7,N,N,7.1,3.5,3.3,1.4,4.9,2.3,N,N,0.6,0.6,2.5,1.2,3.5,1.9,N,N,1.0,0.9,47805,3858,56750,5515,67072,7082,33568,6466,62391,5327,72002,6901,N,N,47061,8338,38.1,(X),(X),(X),(X),(X),(X),(X),(X),(X),40.9,(X),(X),(X),(X),(X),(X),(X),(X),(X),(X),(X),32.3,(X)
0500000US36109,36109,"Tompkins County, New York",37524,1550,19843,1343,N,N,17681,1797,8.8,2.5,6.6,3.6,N,N,13.5,4.2,5.6,1.9,3.4,2.2,N,N,8.1,3.4,10.3,2.4,4.7,1.9,N,N,16.7,4.7,12.5,2.7,7.9,3.0,N,N,17.6,4.7,14.1,2.7,13.4,3.7,N,N,14.1,3.8,16.0,3.1,17.5,3.7,N,N,14.7,4.5,11.9,2.8,14.7,4.0,N,N,8.5,3.7,10.8,2.0,14.5,3.5,N,N,5.6,2.2,5.0,1.7,9.0,3.2,N,N,0.7,0.7,5.0,1.8,8.2,2.8,N,N,0.4,0.6,48516,5182,67254,9740,83613,9065,31476,3201,71076,6593,94521,10352,N,N,40788,4437,35.3,(X),(X),(X),(X),(X),(X),(X),(X),(X),35.6,(X),(X),(X),(X),(X),(X),(X),(X),(X),(X),(X),31.1,(X)
0500000US36111,36111,"Ulster County, New York",68650,2203,43124,2418,32302,2342,25526,2038,5.5,1.4,2.5,1.4,0.7,0.7,12.5,3.5,5.1,1.1,2.1,1.2,0.8,0.7,10.1,2.6,8.8,1.8,5.3,1.9,4.3,2.0,14.1,4.0,12.2,2.1,11.1,2.9,8.6,3.1,14.4,3.6,10.4,1.8,8.5,1.9,7.5,2.3,13.4,3.5,20.9,2.4,21.2,2.6,20.2,3.3,22.1,4.4,12.0,2.0,14.2,2.7,14.7,3.1,6.2,2.2,14.2,1.9,18.9,2.8,22.2,3.6,5.6,2.2,6.3,1.3,9.7,2.1,12.9,2.8,0.4,0.4,4.6,1.1,6.4,1.6,8.3,2.1,1.2,0.8,58429,3682,73985,4710,87512,8449,33724,4548,75070,3424,91565,4998,N,N,44385,3775,34.9,(X),(X),(X),(X),(X),(X),(X),(X),(X),35.5,(X),(X),(X),(X),(X),(X),(X),(X),(X),(X),(X),33.0,(X)
0500000US36113,36113,"Warren County, New York",27228,1265,16899,1330,N,N,10329,1314,3.6,1.4,1.8,1.0,N,N,7.0,3.2,6.6,1.9,2.7,1.8,N,N,13.9,4.6,9.1,2.4,6.1,2.3,N,N,16.4,5.1,10.9,2.8,7.1,2.5,N,N,17.9,5.3,14.2,3.0,18.3,4.4,N,N,8.8,3.9,22.4,3.1,22.1,4.0,N,N,20.8,5.0,11.9,3.0,14.8,4.2,N,N,5.6,2.8,13.5,2.6,17.8,4.2,N,N,4.5,2.5,3.4,1.4,4.5,1.9,N,N,1.2,1.3,4.4,1.7,4.7,2.2,N,N,4.0,2.7,55593,5213,64634,7069,75444,7835,31796,3423,72718,5925,82468,7248,N,N,52570,9926,37.5,(X),(X),(X),(X),(X),(X),(X),(X),(X),39.0,(X),(X),(X),(X),(X),(X),(X),(X),(X),(X),(X),33.7,(X)
0500000US36117,36117,"Wayne County, New York",35349,1397,23075,1669,17588,1463,12274,1437,4.7,1.5,2.9,1.7,0.0,0.9,8.7,3.5,4.9,1.8,1.9,1.0,1.7,1.1,10.7,4.9,12.0,2.8,5.2,2.3,2.4,1.1,24.9,6.1,13.1,3.3,8.4,3.2,6.4,2.7,21.0,6.1,15.0,2.6,17.4,3.7,16.9,4.4,12.3,4.1,22.5,3.1,28.9,4.3,30.5,4.8,11.9,4.7,13.4,2.5,15.5,3.3,17.6,3.7,7.8,4.6,10.1,2.1,13.7,2.9,16.6,3.2,2.3,1.7,2.6,1.0,3.5,1.5,4.6,2.0,0.3,0.5,1.8,1.0,2.5,1.5,3.3,1.9,0.0,1.3,50242,2692,59848,5255,67218,3378,28593,3177,60206,3327,71463,4156,N,N,36196,3435,20.9,(X),(X),(X),(X),(X),(X),(X),(X),(X),22.5,(X),(X),(X),(X),(X),(X),(X),(X),(X),(X),(X),16.7,(X)
0500000US36119,36119,"Westchester County, New York",341755,3400,238518,4482,177355,4264,103237,4334,4.8,0.6,2.6,0.6,0.7,0.3,10.8,1.5,3.9,0.5,2.5,0.5,1.0,0.4,8.0,1.1,7.3,0.8,5.4,0.9,4.1,0.8,11.9,1.4,6.6,0.6,5.1,0.8,3.8,0.7,9.7,1.5,9.1,0.7,8.1,0.9,6.1,0.9,12.4,1.7,13.7,1.0,12.6,1.0,10.5,1.1,16.5,2.0,11.5,0.9,11.1,1.0,10.6,1.1,11.2,1.5,17.3,0.9,19.5,1.2,21.6,1.3,11.6,1.5,9.3,0.7,11.5,0.8,14.2,1.2,4.0,1.1,16.6,0.8,21.7,1.1,27.5,1.5,4.0,0.9,84220,3499,104983,3638,129104,4307,44635,4601,130639,3861,156979,5128,185518,6502,64754,3442,30.5,(X),(X),(X),(X),(X),(X),(X),(X),(X),31.3,(X),(X),(X),(X),(X),(X),(X),(X),(X),(X),(X),26.4,(X)
0500000US37001,37001,"Alamance County, North Carolina",59200,1593,40452,1850,28198,2014,18748,1534,7.3,1.8,4.5,1.5,0.9,0.7,15.5,4.3,6.7,1.6,4.5,1.6,2.9,1.5,12.3,3.6,18.1,2.5,14.2,3.1,10.2,3.0,26.6,4.3,11.3,2.2,10.3,2.7,8.6,2.5,15.6,4.0,14.4,2.3,14.2,2.9,14.2,3.2,12.8,3.8,18.0,2.4,21.7,3.1,23.5,3.9,8.9,3.2,11.8,2.1,14.7,2.6,18.1,3.5,3.4,2.1,8.7,1.7,11.2,2.3,15.5,3.2,3.4,1.8,2.3,0.8,2.9,0.9,3.9,1.2,0.9,1.5,1.4,0.5,1.8,0.7,2.2,1.0,0.5,0.5,42512,2279,51779,3804,64558,3203,22976,2196,55539,2982,63837,3107,N,N,34889,5766,31.0,(X),(X),(X),(X),(X),(X),(X),(X),(X),29.4,(X),(X),(X),(X),(X),(X),(X),(X),(X),(X),(X),33.8,(X)
0500000US37019,37019,"Brunswick County, North Carolina",48444,2235,34428,2014,26051,1850,14016,1754,6.5,1.9,6.5,2.5,2.6,1.4,14.7,4.6,4.6,1.4,3.8,1.7,0.9,0.6,7.9,2.6,13.8,2.4,8.5,2.5,7.1,2.7,25.3,5.5,12.1,2.5,8.8,2.4,7.7,2.1,14.9,5.3,15.9,2.4,15.1,2.5,14.4,2.8,18.2,4.9,19.3,2.9,22.4,3.7,23.5,3.8,9.4,3.7,11.7,2.2,13.8,2.7,16.7,3.4,5.9,3.4,10.5,1.7,13.8,2.4,17.7,3.1,2.3,1.5,3.3,1.1,4.4,1.5,5.8,1.9,0.3,0.6,2.2,0.8,2.7,1.0,3.6,1.4,1.0,0.9,47334,3780,56834,2937,67769,5118,25831,3144,60424,3233,69400,4378,N,N,34962,3972,31.4,(X),(X),(X),(X),(X),(X),(X),(X),(X),32.9,(X),(X),(X),(X),(X),(X),(X),(X),(X),(X),(X),26.6,(X)
0500000US37021,37021,"Buncombe County, North Carolina",100980,2378,59289,2754,46134,2386,41691,2583,6.2,1.3,2.4,0.9,1.1,0.6,11.8,2.5,6.7,1.2,4.3,1.5,2.1,1.1,10.6,2.6,11.5,1.8,6.8,1.8,3.9,1.5,19.0,3.3,12.4,1.8,12.0,2.3,8.7,2.2,14.0,2.8,17.3,2.4,15.0,2.9,14.2,3.2,19.1,3.6,17.5,1.6,20.3,2.3,22.6,2.6,13.1,2.6,10.6,1.7,13.6,2.2,16.1,2.7,6.0,1.8,11.3,1.5,16.7,2.3,20.5,2.8,3.6,1.4,3.4,0.9,4.2,1.2,5.1,1.5,1.9,1.1,3.1,0.8,4.6,1.4,5.8,1.7,0.9,0.6,46431,2756,60686,3416,71312,3648,30360,2502,63021,3142,77658,4611,N,N,40919,2674,24.1,(X),(X),(X),(X),(X),(X),(X),(X),(X),27.6,(X),(X),(X),(X),(X),(X),(X),(X),(X),(X),(X),18.1,(X)
0500000US37023,37023,"Burke County, North Carolina",34484,1377,21389,1637,N,N,13095,1419,9.0,2.9,6.9,3.5,N,N,13.4,5.0,9.8,3.1,5.1,3.1,N,N,20.7,6.5,18.0,3.0,13.2,3.2,N,N,24.6,5.3,15.3,3.0,13.4,3.9,N,N,18.4,5.6,13.1,2.9,13.5,3.4,N,N,11.8,4.7,17.0,3.1,21.9,3.8,N,N,6.6,3.4,10.3,2.5,15.1,3.9,N,N,2.2,1.8,5.1,1.5,7.0,2.2,N,N,1.9,1.5,2.2,1.2,3.5,1.9,N,N,0.0,1.3,0.4,0.3,0.4,0.4,N,N,0.4,0.6,33379,2947,48167,5053,59621,5816,19937,3210,44627,2748,54734,4012,N,N,26503,3070,23.1,(X),(X),(X),(X),(X),(X),(X),(X),(X),25.3,(X),(X),(X),(X),(X),(X),(X),(X),(X),(X),(X),17.8,(X)
0500000US37025,37025,"Cabarrus County, North Carolina",65725,1727,48330,2098,38094,2080,17395,1709,3.5,1.2,2.5,1.1,0.5,0.4,9.1,3.7,5.2,1.4,2.9,1.1,0.8,0.6,11.5,4.0,10.0,1.9,7.1,2.0,5.3,1.9,19.2,4.8,9.9,1.7,8.2,1.7,7.6,2.0,14.6,3.5,17.1,2.8,16.7,3.4,13.9,3.3,18.7,4.8,17.9,2.6,18.5,2.8,18.7,2.9,13.6,4.5,15.0,2.3,18.1,2.9,21.4,3.3,6.7,2.7,12.6,1.7,15.3,2.3,18.3,2.7,5.3,2.6,5.1,1.1,6.2,1.5,7.7,1.9,0.9,1.1,3.5,1.1,4.6,1.5,5.9,1.8,0.4,0.7,54307,3801,67893,6598,77938,3220,32388,4318,69874,3068,79470,3913,N,N,40595,3838,29.6,(X),(X),(X),(X),(X),(X),(X),(X),(X),28.9,(X),(X),(X),(X),(X),(X),(X),(X),(X),(X),(X),30.5,(X)
0500000US37027,37027,"Caldwell County, North Carolina",29255,1556,20495,1768,N,N,8760,1522,10.8,2.8,5.2,2.4,N,N,24.8,7.4,7.4,2.4,6.9,2.9,N,N,12.8,5.8,15.7,3.8,13.1,3.6,N,N,21.2,7.4,19.6,4.4,16.6,4.3,N,N,23.4,8.5,11.9,3.1,12.0,3.8,N,N,11.5,5.8,19.1,3.3,25.9,4.5,N,N,3.4,2.6,6.9,2.1,8.8,2.8,N,N,1.3,2.0,5.1,1.8,6.9,2.4,N,N,0.9,1.6,0.5,0.4,0.5,0.5,N,N,0.5,0.9,3.0,2.1,4.2,2.9,N,N,0.1,0.1,32386,2726,45588,6401,51316,3132,19007,3651,49965,7544,60398,9720,N,N,23720,3605,39.9,(X),(X),(X),(X),(X),(X),(X),(X),(X),38.6,(X),(X),(X),(X),(X),(X),(X),(X),(X),(X),(X),42.2,(X)
0500000US37031,37031,"Carteret County, North Carolina",29961,1405,19424,1272,N,N,10537,996,8.0,2.0,5.2,1.9,N,N,15.4,4.6,4.1,1.4,2.1,1.2,N,N,8.7,3.2,14.5,2.5,10.5,3.1,N,N,22.3,5.5,12.0,2.7,13.1,3.7,N,N,10.2,3.4,17.5,3.0,15.2,3.2,N,N,19.0,5.2,18.9,2.3,21.7,3.0,N,N,12.9,3.4,10.3,2.1,13.1,2.7,N,N,5.2,2.8,9.8,1.8,12.4,2.6,N,N,4.5,3.0,2.6,1.0,3.4,1.3,N,N,0.9,0.8,2.4,0.8,3.2,1.2,N,N,0.9,0.8,45231,3526,53057,4846,59361,6190,28720,6891,59026,3360,69578,4881,N,N,37809,4247,28.5,(X),(X),(X),(X),(X),(X),(X),(X),(X),27.9,(X),(X),(X),(X),(X),(X),(X),(X),(X),(X),(X),28.5,(X)
0500000US37035,37035,"Catawba County, North Carolina",58835,2003,39462,2211,30402,2147,19373,1979,7.9,2.1,4.7,2.1,1.1,0.8,15.2,4.3,7.3,2.0,4.1,2.1,2.4,2.0,14.4,4.8,13.8,2.1,12.6,2.9,9.2,2.7,18.8,4.3,14.5,2.4,12.4,2.6,10.0,2.8,19.3,5.2,13.1,1.9,12.3,2.4,10.8,2.4,12.4,3.6,19.4,2.5,22.0,3.1,26.4,3.8,13.1,3.9,10.3,1.5,13.0,2.3,16.1,2.8,4.1,2.2,7.9,1.5,11.7,2.3,14.8,2.9,0.0,0.9,3.8,1.3,4.2,1.4,5.4,1.8,2.7,2.5,2.0,0.8,3.0,1.2,3.9,1.6,0.0,0.9,42859,3715,54711,5358,64057,3411,25796,2890,57993,4257,69264,5957,N,N,33114,4109,26.2,(X),(X),(X),(X),(X),(X),(X),(X),(X),25.5,(X),(X),(X),(X),(X),(X),(X),(X),(X),(X),(X),26.1,(X)
0500000US37037,37037,"Chatham County, North Carolina",26593,1137,19332,1391,N,N,7261,1242,9.2,3.0,3.5,2.5,N,N,24.5,9.3,4.1,2.1,3.7,2.4,N,N,5.0,3.6,9.2,2.8,7.8,2.9,N,N,13.5,5.3,9.2,3.3,6.7,4.0,N,N,15.7,6.2,11.7,2.9,9.6,2.9,N,N,17.6,7.1,21.0,4.3,23.2,5.2,N,N,14.8,6.7,11.4,3.1,13.4,3.8,N,N,6.0,3.8,12.0,2.8,15.2,3.6,N,N,2.9,2.9,6.0,2.3,8.2,3.1,N,N,0.0,2.3,6.4,2.1,8.8,2.9,N,N,0.0,2.3,56550,3787,70413,5620,80105,5668,26984,4321,77604,7815,93487,9818,N,N,34541,5749,32.8,(X),(X),(X),(X),(X),(X),(X),(X),(X),33.0,(X),(X),(X),(X),(X),(X),(X),(X),(X),(X),(X),31.7,(X)
0500000US37045,37045,"Cleveland County, North Carolina",38409,1389,25971,1897,N,N,12438,1583,9.1,2.6,8.1,2.9,N,N,13.6,4.8,8.1,2.2,3.6,1.7,N,N,16.6,4.9,17.3,2.8,11.2,2.9,N,N,29.4,6.5,11.9,2.2,12.1,2.7,N,N,12.9,4.6,13.9,2.1,16.1,3.1,N,N,11.6,4.2,18.8,3.3,21.5,4.0,N,N,9.9,4.2,11.5,2.4,13.8,3.4,N,N,4.6,3.5,6.7,1.8,9.5,2.6,N,N,0.7,0.8,1.5,0.8,2.0,1.0,N,N,0.4,0.6,1.4,0.8,2.0,1.1,N,N,0.3,0.4,40581,2344,48680,4152,60941,7419,20600,1900,52771,4652,62976,6807,N,N,29357,3508,37.4,(X),(X),(X),(X),(X),(X),(X),(X),(X),37.5,(X),(X),(X),(X),(X),(X),(X),(X),(X),(X),(X),31.6,(X)
0500000US37049,37049,"Craven County, North Carolina",39570,1354,27689,1764,N,N,11881,1648,9.7,2.7,4.5,2.0,N,N,23.2,7.0,6.7,2.4,4.7,2.3,N,N,13.3,5.8,9.5,2.1,7.1,2.4,N,N,15.2,4.9,10.3,2.8,11.6,3.5,N,N,7.7,3.9,19.0,4.2,20.7,4.8,N,N,14.5,5.6,17.3,2.3,18.3,3.4,N,N,12.7,4.2,13.1,2.4,15.6,3.4,N,N,6.6,3.3,11.1,2.3,13.0,2.8,N,N,6.1,3.8,2.0,0.8,2.6,1.1,N,N,0.7,1.0,1.4,0.8,1.9,1.1,N,N,0.1,0.1,44963,2920,51986,8249,61558,3868,24273,4868,58206,3948,66414,4947,N,N,36343,4927,21.0,(X),(X),(X),(X),(X),(X),(X),(X),(X),23.6,(X),(X),(X),(X),(X),(X),(X),(X),(X),(X),(X),14.4,(X)
0500000US37051,37051,"Cumberland County, North Carolina",125889,1848,81991,2661,55710,2452,43898,2522,8.3,1.1,7.4,1.2,1.7,0.7,10.7,1.9,6.1,1.0,3.8,0.8,1.2,0.5,10.9,2.4,12.6,1.2,9.8,1.4,6.3,1.3,18.4,2.4,12.8,1.3,10.5,1.3,9.4,1.6,17.4,2.5,16.7,1.5,17.7,1.8,17.6,2.4,15.4,2.6,19.5,1.6,20.9,2.0,24.7,2.4,15.3,2.4,10.9,1.4,12.2,1.7,15.3,2.4,7.7,2.0,8.6,1.3,11.3,1.6,15.5,2.4,3.4,1.4,2.7,0.7,3.7,1.0,4.6,1.2,0.6,0.5,1.8,0.5,2.7,0.7,3.8,1.1,0.2,0.2,43609,2349,50863,2441,62328,3523,30315,1485,56103,1858,64727,2685,N,N,38316,1840,39.7,(X),(X),(X),(X),(X),(X),(X),(X),(X),38.7,(X),(X),(X),(X),(X),(X),(X),(X),(X),(X),(X),39.9,(X)
0500000US37057,37057,"Davidson County, North Carolina",63398,1824,42690,2608,29577,2297,20708,2328,8.4,1.8,7.9,2.7,2.2,1.6,13.9,3.7,7.4,1.7,4.1,1.6,1.6,0.8,13.3,3.8,13.9,2.5,11.8,2.8,8.8,2.6,17.8,4.6,13.5,2.1,11.2,2.5,9.7,2.6,18.3,4.4,17.5,2.4,16.6,2.6,16.2,3.1,17.8,5.6,17.6,2.9,19.3,3.3,23.8,3.9,13.4,4.1,9.2,1.8,12.3,2.5,15.4,3.4,2.6,1.9,8.4,1.5,11.2,2.2,14.5,2.7,1.8,1.3,2.2,0.9,3.1,1.3,4.3,1.8,0.4,0.6,2.0,0.8,2.5,1.0,3.5,1.4,0.9,0.7,38803,2459,47821,5762,62383,5497,26888,2785,54319,3524,62724,5224,N,N,34817,4168,41.3,(X),(X),(X),(X),(X),(X),(X),(X),(X),42.5,(X),(X),(X),(X),(X),(X),(X),(X),(X),(X),(X),36.5,(X)
0500000US37063,37063,"Durham County, North Carolina",114946,2105,65188,2508,45813,2877,49758,2348,6.8,1.1,4.0,1.4,1.2,1.1,11.2,2.1,4.8,1.1,3.2,1.3,1.5,1.2,7.5,2.0,10.6,1.6,8.5,1.8,4.2,1.6,14.1,2.7,11.5,1.5,7.9,1.9,5.0,1.8,15.4,2.8,13.9,1.8,13.1,2.6,11.4,2.7,16.0,2.6,17.1,1.9,15.8,2.6,16.3,3.0,17.4,2.8,11.8,1.8,13.9,2.3,16.9,2.9,9.0,2.6,11.7,1.4,16.1,2.5,20.1,3.1,5.8,1.7,5.4,1.1,8.5,2.0,10.8,2.4,1.3,0.7,6.4,1.2,9.1,1.9,12.6,2.7,2.3,1.2,52488,2605,70943,6114,89976,4968,36182,2328,77613,4338,97977,7322,N,N,48898,3664,27.7,(X),(X),(X),(X),(X),(X),(X),(X),(X),30.0,(X),(X),(X),(X),(X),(X),(X),(X),(X),(X),(X),23.4,(X)
0500000US37067,37067,"Forsyth County, North Carolina",142991,2416,89576,2697,63371,2728,53415,2814,9.2,1.5,6.7,1.6,1.4,0.6,15.1,2.8,5.5,0.8,2.5,0.8,1.1,0.6,10.8,1.9,13.4,1.5,11.8,1.9,7.4,1.8,16.8,2.6,13.3,1.5,10.0,1.7,7.4,1.6,18.2,2.6,12.0,1.4,10.5,1.8,10.1,2.0,14.2,2.4,18.1,1.4,19.9,1.8,22.0,2.3,14.2,2.3,10.6,1.3,13.8,1.9,17.6,2.4,4.4,1.4,10.3,1.2,13.9,1.7,17.8,2.4,4.1,1.5,3.5,0.6,4.7,0.9,6.3,1.2,1.3,0.7,4.2,0.8,6.2,1.2,8.8,1.7,0.8,0.5,45580,2317,58760,3562,75432,3095,28487,2656,65623,2556,80505,3833,99340,4772,38937,2821,26.9,(X),(X),(X),(X),(X),(X),(X),(X),(X),28.5,(X),(X),(X),(X),(X),(X),(X),(X),(X),(X),(X),23.3,(X)
0500000US37071,37071,"Gaston County, North Carolina",80175,1635,54031,2112,36357,2081,26144,2082,8.7,1.6,5.8,1.6,1.1,0.6,15.0,3.5,7.3,1.6,4.4,1.6,2.1,1.4,14.4,3.3,14.5,2.0,12.1,2.3,6.7,2.0,23.3,3.4,11.7,1.6,10.5,2.0,9.1,2.1,11.2,2.9,16.6,2.0,17.0,2.4,16.3,2.6,15.1,3.3,16.5,1.8,19.9,2.3,22.7,3.2,9.3,2.4,10.8,1.6,12.8,2.0,17.4,2.8,6.1,2.3,9.4,1.3,11.3,1.6,15.8,2.1,4.6,2.1,2.3,0.6,3.2,0.9,4.5,1.4,0.3,0.4,2.2,0.6,3.0,0.8,4.3,1.2,0.6,0.5,41728,2306,50223,3586,67127,4609,23676,2395,56960,2505,66161,3166,N,N,36119,3422,30.0,(X),(X),(X),(X),(X),(X),(X),(X),(X),33.4,(X),(X),(X),(X),(X),(X),(X),(X),(X),(X),(X),22.5,(X)
0500000US37081,37081,"Guilford County, North Carolina",199607,2868,127304,3918,87129,3588,72303,3845,8.6,1.0,6.3,1.0,1.5,0.6,13.9,2.2,6.0,0.9,4.1,0.8,1.4,0.6,9.9,2.0,13.0,1.2,9.1,1.3,4.9,1.3,20.0,2.5,11.3,1.0,10.0,1.2,7.2,1.2,13.9,2.2,14.8,1.2,13.4,1.5,12.1,1.7,16.6,2.6,17.9,1.4,19.8,1.9,23.1,2.4,13.9,2.4,10.0,1.0,12.5,1.3,15.6,1.7,5.9,1.4,11.0,0.9,14.8,1.4,20.2,1.9,3.9,1.1,3.5,0.6,4.7,0.8,6.6,1.1,1.0,0.8,3.8,0.6,5.4,0.9,7.5,1.3,1.0,0.5,45726,1892,58670,2532,74834,2670,29362,2949,66836,3187,81012,4774,99928,6526,40270,3053,28.4,(X),(X),(X),(X),(X),(X),(X),(X),(X),29.5,(X),(X),(X),(X),(X),(X),(X),(X),(X),(X),(X),25.1,(X)
0500000US37085,37085,"Harnett County, North Carolina",42464,977,30591,1390,23127,1546,11873,1309,9.9,1.8,5.4,1.6,2.2,1.1,22.6,4.2,5.4,1.3,3.2,1.3,1.3,0.8,12.1,3.5,10.3,2.0,9.2,2.4,7.9,2.3,12.4,3.1,12.3,2.2,12.2,2.4,8.2,2.1,13.7,3.6,16.1,2.7,14.1,2.5,14.4,3.3,21.6,6.2,17.7,1.9,21.5,2.5,23.4,2.8,7.3,3.5,12.2,2.1,14.5,2.8,17.1,3.4,5.9,2.5,10.7,2.1,12.6,2.4,16.1,3.0,3.7,3.1,3.0,1.1,4.1,1.5,5.3,2.0,0.5,0.8,2.5,1.0,3.1,1.3,4.1,1.7,0.3,0.5,45533,2927,53662,2210,64070,5265,27562,4933,59440,3616,68261,4245,N,N,34050,4937,32.4,(X),(X),(X),(X),(X),(X),(X),(X),(X),33.5,(X),(X),(X),(X),(X),(X),(X),(X),(X),(X),(X),28.3,(X)
0500000US37089,37089,"Henderson County, North Carolina",47447,1688,30892,2087,N,N,16555,1814,9.4,2.3,4.3,2.2,N,N,18.9,4.8,5.7,1.7,3.5,1.9,N,N,9.7,3.9,13.2,2.7,12.2,3.5,N,N,17.6,4.4,11.7,2.5,12.0,2.9,N,N,11.0,3.9,16.3,2.6,16.3,3.3,N,N,14.3,3.9,20.7,3.0,21.7,3.7,N,N,19.0,5.3,9.2,1.7,12.9,2.6,N,N,2.3,1.5,9.0,1.9,10.2,2.4,N,N,6.1,3.3,2.9,1.1,4.1,1.6,N,N,0.7,0.8,1.8,0.9,2.6,1.3,N,N,0.3,0.6,44036,2561,51059,3281,55636,4957,28730,6136,56037,3724,65437,4938,N,N,37515,4369,29.1,(X),(X),(X),(X),(X),(X),(X),(X),(X),29.8,(X),(X),(X),(X),(X),(X),(X),(X),(X),(X),(X),27.8,(X)
0500000US37097,37097,"Iredell County, North Carolina",58106,1934,41466,2151,31736,2084,16640,1688,6.1,1.5,4.9,1.8,1.4,0.9,12.3,4.2,4.3,1.1,2.9,1.3,0.8,0.7,7.8,2.5,12.6,2.0,8.5,1.9,7.3,2.2,22.6,4.6,11.2,2.0,10.2,2.2,9.5,2.3,14.3,3.8,16.4,2.0,15.9,2.4,13.8,2.4,16.1,3.7,14.9,2.2,15.1,2.5,15.5,2.7,13.1,4.3,13.9,2.3,16.7,2.9,19.6,3.5,7.0,3.2,12.1,1.6,14.6,2.0,17.4,2.5,5.6,2.4,4.0,1.2,5.3,1.7,6.9,2.2,0.2,0.3,4.5,1.2,6.0,1.6,7.8,2.0,1.0,0.9,49488,2841,60891,5986,77792,5847,28687,4193,71766,4712,82870,5717,N,N,41308,4557,31.1,(X),(X),(X),(X),(X),(X),(X),(X),(X),29.8,(X),(X),(X),(X),(X),(X),(X),(X),(X),(X),(X),30.2,(X)
0500000US37101,37101,"Johnston County, North Carolina",61412,1845,46774,2373,35286,2440,14638,2191,7.8,2.1,6.3,2.1,3.2,1.7,13.7,5.3,4.9,1.8,3.5,1.9,2.4,2.2,9.9,3.2,8.3,2.0,7.6,2.0,5.2,1.7,12.7,5.0,11.3,2.2,8.6,2.4,4.8,1.3,19.1,6.0,17.2,2.7,17.9,2.9,16.3,3.3,17.7,5.2,19.2,2.8,19.8,3.3,22.8,4.1,15.6,6.0,13.7,2.4,14.9,3.1,17.9,3.6,7.3,4.0,11.2,2.7,13.3,3.3,17.1,4.1,2.8,2.1,4.5,1.5,5.4,2.0,7.0,2.6,1.3,1.0,1.9,0.9,2.5,1.1,3.3,1.5,0.0,1.1,50492,2893,56828,3787,68004,4913,32625,3817,62800,2990,68985,3690,N,N,39318,4027,27.5,(X),(X),(X),(X),(X),(X),(X),(X),(X),26.9,(X),(X),(X),(X),(X),(X),(X),(X),(X),(X),(X),25.2,(X)
0500000US37109,37109,"Lincoln County, North Carolina",30124,1086,21597,1242,N,N,8527,1281,6.0,2.4,4.9,2.5,N,N,10.9,6.9,6.9,2.6,3.1,2.1,N,N,15.0,6.8,11.2,2.7,8.3,3.2,N,N,18.7,5.9,10.9,2.7,9.3,2.8,N,N,16.3,7.0,15.7,3.1,14.2,3.2,N,N,20.0,8.0,17.5,3.5,19.2,4.0,N,N,10.9,5.8,10.1,2.7,11.6,3.1,N,N,7.3,5.8,14.4,3.4,19.8,4.6,N,N,0.0,1.9,3.5,1.4,4.4,1.9,N,N,0.9,1.1,3.7,1.8,5.2,2.5,N,N,0.0,1.9,49079,4731,61952,4472,72360,9772,26795,5031,66661,5834,79387,7688,N,N,33168,5125,23.8,(X),(X),(X),(X),(X),(X),(X),(X),(X),22.7,(X),(X),(X),(X),(X),(X),(X),(X),(X),(X),(X),26.1,(X)
0500000US37119,37119,"Mecklenburg County, North Carolina",377213,3399,231678,5325,157197,4537,145535,4507,6.6,0.6,5.1,0.9,1.8,0.5,10.1,1.1,4.3,0.6,2.8,0.6,1.7,0.5,7.2,1.2,9.8,0.8,7.9,1.0,4.3,0.7,13.6,1.4,11.1,0.8,9.5,1.0,6.5,0.9,13.5,1.5,14.5,0.9,12.2,1.1,9.8,1.1,17.4,1.5,17.8,1.0,17.6,1.3,17.7,1.4,17.6,1.7,10.8,0.7,11.9,1.1,14.3,1.3,9.0,1.2,12.6,0.8,16.0,1.0,20.7,1.3,6.4,0.9,5.7,0.5,7.5,0.8,9.9,1.0,2.6,0.8,6.9,0.6,9.5,0.8,13.4,1.1,2.5,0.8,54278,1664,66312,1567,88648,2388,39779,2154,80917,2154,96497,2913,119765,3880,54040,2861,28.5,(X),(X),(X),(X),(X),(X),(X),(X),(X),29.3,(X),(X),(X),(X),(X),(X),(X),(X),(X),(X),(X),25.6,(X)
0500000US37125,37125,"Moore County, North Carolina",36502,1507,25529,1583,N,N,10973,1478,5.3,1.6,3.6,1.5,N,N,11.7,3.7,6.0,2.0,3.2,2.0,N,N,12.1,4.9,9.9,2.7,4.7,2.2,N,N,20.9,7.2,15.2,3.2,14.4,3.5,N,N,18.1,6.1,13.6,2.8,16.3,4.3,N,N,9.4,3.5,16.2,2.7,18.4,3.5,N,N,8.0,4.4,13.1,2.7,14.8,3.3,N,N,9.0,4.3,11.3,2.4,13.2,3.3,N,N,6.7,4.4,5.4,2.0,6.7,2.3,N,N,2.4,3.6,4.0,1.5,4.8,2.2,N,N,1.7,1.5,49959,3736,59016,6821,67923,8058,28049,3589,68742,5295,77946,7144,N,N,44418,7359,41.0,(X),(X),(X),(X),(X),(X),(X),(X),(X),42.0,(X),(X),(X),(X),(X),(X),(X),(X),(X),(X),(X),38.2,(X)
0500000US37127,37127,"Nash County, North Carolina",37913,1272,23738,1678,N,N,14175,1666,10.5,2.5,4.8,2.3,N,N,20.3,5.4,5.0,1.7,0.8,0.8,N,N,12.0,4.6,13.9,3.2,12.7,4.1,N,N,20.7,6.6,15.7,4.1,13.3,4.1,N,N,23.9,8.2,13.9,2.3,16.3,4.0,N,N,6.3,2.6,18.8,3.4,20.9,4.2,N,N,10.3,4.9,10.3,2.1,14.6,3.2,N,N,3.5,1.8,6.6,1.8,9.3,2.8,N,N,0.8,1.0,2.0,1.1,2.8,1.6,N,N,0.6,1.0,3.3,1.3,4.4,2.0,N,N,1.4,1.1,40057,4506,51636,4037,66654,5177,22876,4315,56097,5116,68856,7973,N,N,31506,3500,24.3,(X),(X),(X),(X),(X),(X),(X),(X),(X),24.5,(X),(X),(X),(X),(X),(X),(X),(X),(X),(X),(X),24.0,(X)
0500000US37129,37129,"New Hanover County, North Carolina",87148,2299,48286,2105,34658,2234,38862,2867,7.6,1.3,3.4,1.0,1.4,0.8,13.4,2.8,5.7,1.2,3.8,1.6,1.1,0.6,9.1,2.2,11.2,1.9,10.3,2.6,3.6,1.5,13.9,2.9,10.7,2.0,7.8,2.2,4.5,1.8,14.1,3.4,16.0,2.2,15.0,2.8,15.7,3.1,16.6,3.9,19.4,2.1,17.0,2.2,19.7,3.0,21.2,4.6,11.3,1.8,16.2,2.8,20.3,3.5,4.9,2.0,10.9,1.5,14.3,2.0,17.3,2.8,5.9,2.1,3.3,1.0,5.3,1.8,7.1,2.4,0.5,0.5,4.0,0.9,6.8,1.6,9.3,2.2,0.5,0.4,48688,3002,63455,7683,80549,5171,34225,4838,68111,4002,86790,6949,N,N,42696,3696,24.2,(X),(X),(X),(X),(X),(X),(X),(X),(X),23.2,(X),(X),(X),(X),(X),(X),(X),(X),(X),(X),(X),23.6,(X)
0500000US37133,37133,"Onslow County, North Carolina",60764,2160,43915,2655,N,N,16849,2167,8.6,1.8,6.8,2.0,N,N,14.2,4.8,3.7,1.3,3.3,1.7,N,N,6.5,3.5,12.3,2.7,7.7,2.2,N,N,27.0,7.6,13.2,2.8,12.6,3.4,N,N,14.6,5.2,18.0,3.4,19.7,4.1,N,N,11.7,4.3,22.6,3.5,25.0,3.8,N,N,15.7,5.5,9.0,2.4,9.1,2.8,N,N,6.9,3.9,8.5,1.6,11.0,2.3,N,N,1.4,1.5,2.8,1.4,3.5,1.8,N,N,0.9,1.1,1.2,0.6,1.2,0.7,N,N,1.1,1.0,44673,4089,49859,2618,56211,5299,27529,6150,54335,2633,59111,3164,N,N,38307,5393,26.0,(X),(X),(X),(X),(X),(X),(X),(X),(X),27.1,(X),(X),(X),(X),(X),(X),(X),(X),(X),(X),(X),22.4,(X)
0500000US37135,37135,"Orange County, North Carolina",51867,1745,32051,1743,N,N,19816,1605,8.7,1.8,3.0,1.6,N,N,18.0,4.4,3.1,1.2,1.3,0.9,N,N,5.9,2.5,8.5,1.8,6.2,2.3,N,N,13.8,3.5,6.7,1.7,5.0,2.0,N,N,10.1,3.3,14.1,2.1,13.6,2.7,N,N,15.9,3.9,18.9,2.8,18.0,3.3,N,N,18.8,5.2,9.7,2.1,10.4,2.6,N,N,7.6,3.0,13.9,2.1,19.6,3.3,N,N,5.1,2.2,6.4,1.4,8.7,2.2,N,N,2.4,1.5,9.9,1.8,14.3,2.3,N,N,2.4,1.9,59409,3364,79582,6514,97343,9238,36997,6592,92061,6209,116825,8973,N,N,48349,5901,30.0,(X),(X),(X),(X),(X),(X),(X),(X),(X),25.2,(X),(X),(X),(X),(X),(X),(X),(X),(X),(X),(X),35.2,(X)
0500000US37147,37147,"Pitt County, North Carolina",67573,1633,40082,2339,26406,1904,27491,2252,10.3,1.8,4.6,1.7,0.8,0.8,19.4,4.0,7.7,2.2,5.1,2.1,1.1,1.1,11.9,3.9,15.7,2.7,12.3,2.8,5.2,2.2,20.1,5.2,10.8,1.8,8.9,2.3,7.0,2.2,13.4,3.6,13.9,2.5,12.3,2.8,10.5,2.6,16.2,4.6,17.6,2.7,21.3,3.9,23.9,5.0,11.8,3.6,9.1,2.0,14.0,3.2,19.7,4.5,1.9,1.1,8.9,1.7,12.5,2.5,18.3,3.5,3.7,2.5,3.0,1.2,4.2,1.7,6.4,2.6,0.9,0.9,3.1,0.9,4.7,1.6,7.1,2.4,0.8,0.9,40639,2086,57733,4436,77803,7602,24222,3047,59751,3857,77778,6408,N,N,32871,3551,37.3,(X),(X),(X),(X),(X),(X),(X),(X),(X),40.0,(X),(X),(X),(X),(X),(X),(X),(X),(X),(X),(X),32.6,(X)
0500000US37151,37151,"Randolph County, North Carolina",52337,1736,37344,2370,N,N,14993,1779,7.1,1.8,4.6,1.8,N,N,14.8,4.4,9.5,2.4,4.7,2.2,N,N,21.5,5.8,14.0,2.8,13.1,3.5,N,N,19.0,5.4,12.2,2.0,11.9,2.3,N,N,13.3,4.6,16.3,2.9,17.6,3.9,N,N,11.6,3.3,17.7,2.9,20.5,3.4,N,N,9.1,3.7,11.9,2.2,13.5,2.8,N,N,7.1,4.5,7.6,1.8,9.3,2.4,N,N,2.8,2.4,2.9,1.0,3.8,1.4,N,N,0.8,1.3,0.8,0.5,1.1,0.8,N,N,0.0,1.1,40109,2599,47419,4526,60127,4769,21098,5940,51133,2468,58337,3260,N,N,30923,4097,34.8,(X),(X),(X),(X),(X),(X),(X),(X),(X),36.6,(X),(X),(X),(X),(X),(X),(X),(X),(X),(X),(X),28.4,(X)
0500000US37155,37155,"Robeson County, North Carolina",45641,835,31283,1479,17416,1223,14358,1219,16.1,2.2,12.2,2.3,5.5,2.4,26.9,4.3,10.8,2.0,7.5,1.8,3.5,1.7,18.3,4.6,15.4,2.2,13.2,2.5,8.7,2.5,20.6,4.2,15.0,2.3,13.8,2.8,12.8,3.8,17.3,4.0,15.6,2.1,18.0,2.6,18.2,3.4,9.1,3.0,13.2,1.9,17.1,2.6,23.7,3.9,4.6,1.9,9.1,1.5,12.5,2.1,19.1,3.5,1.7,1.2,3.1,0.8,4.0,1.2,5.8,2.0,0.1,0.1,1.0,0.6,0.8,0.5,1.5,0.9,1.5,1.4,0.6,0.4,0.9,0.6,1.3,0.9,0.0,1.2,29542,1851,37888,3576,51045,4011,16607,1752,39587,2260,46258,2904,58974,4360,23049,2636,38.1,(X),(X),(X),(X),(X),(X),(X),(X),(X),40.4,(X),(X),(X),(X),(X),(X),(X),(X),(X),(X),(X),32.3,(X)
0500000US37157,37157,"Rockingham County, North Carolina",37261,1362,25326,1785,N,N,11935,1474,11.7,2.9,9.0,3.2,N,N,21.0,6.3,6.7,2.1,3.3,1.9,N,N,13.8,4.6,15.8,3.0,11.7,3.3,N,N,23.4,5.8,9.8,2.7,10.2,3.2,N,N,8.3,3.9,14.3,2.7,14.7,3.2,N,N,14.4,5.1,19.3,3.3,22.7,4.0,N,N,10.3,4.2,13.2,3.1,15.9,4.2,N,N,7.1,3.6,6.4,1.9,8.4,2.7,N,N,1.7,1.5,1.7,0.9,2.6,1.4,N,N,0.0,1.4,1.1,0.8,1.5,1.1,N,N,0.0,1.4,41335,5769,50990,4639,63275,4906,20115,3084,50021,2937,58137,4087,N,N,30669,4029,26.5,(X),(X),(X),(X),(X),(X),(X),(X),(X),25.5,(X),(X),(X),(X),(X),(X),(X),(X),(X),(X),(X),28.4,(X)
0500000US37159,37159,"Rowan County, North Carolina",50249,1799,33641,1607,N,N,16608,1674,10.1,2.1,6.4,2.2,N,N,18.8,4.8,8.4,2.3,3.6,1.7,N,N,19.7,5.7,13.3,2.1,10.7,2.4,N,N,19.3,4.0,12.3,2.2,14.5,2.8,N,N,8.9,3.4,14.8,2.8,13.4,2.7,N,N,15.6,4.8,20.2,2.8,22.8,3.7,N,N,13.2,4.5,9.7,2.2,13.5,3.3,N,N,2.4,1.7,8.5,2.0,11.7,2.9,N,N,1.2,1.0,1.5,0.7,1.8,0.8,N,N,0.5,0.8,1.2,0.6,1.6,0.8,N,N,0.5,0.9,41154,2567,51322,4573,59918,4038,20053,3527,51618,2619,61458,3366,N,N,29030,3242,35.0,(X),(X),(X),(X),(X),(X),(X),(X),(X),35.3,(X),(X),(X),(X),(X),(X),(X),(X),(X),(X),(X),33.4,(X)
0500000US37161,37161,"Rutherford County, North Carolina",26213,1467,18446,1630,N,N,7767,1336,11.1,3.3,8.2,4.1,N,N,19.9,7.8,8.5,2.9,4.3,2.6,N,N,18.3,7.2,17.3,4.7,15.7,4.9,N,N,24.0,8.6,13.1,2.9,15.7,4.4,N,N,5.4,3.5,17.6,4.0,18.2,4.6,N,N,13.9,7.0,16.2,3.4,19.2,4.6,N,N,9.4,5.6,8.0,2.7,9.1,3.4,N,N,5.1,3.9,5.4,2.3,7.0,2.9,N,N,1.3,1.8,0.7,0.5,0.8,0.7,N,N,0.6,0.9,2.0,1.8,1.9,2.3,N,N,2.1,1.8,34993,2756,38661,3950,47965,7339,18992,3316,45852,4396,49801,5316,N,N,34753,7550,33.3,(X),(X),(X),(X),(X),(X),(X),(X),(X),33.3,(X),(X),(X),(X),(X),(X),(X),(X),(X),(X),(X),30.2,(X)
0500000US37171,37171,"Surry County, North Carolina",30156,850,20175,1282,14985,1311,9981,1203,9.6,2.3,9.2,3.3,5.0,2.7,13.7,4.2,7.7,2.1,3.3,1.4,1.3,1.2,17.1,4.9,15.0,2.4,12.5,2.8,10.8,3.3,22.7,5.4,16.5,2.6,15.0,3.5,13.7,3.4,19.4,4.8,16.4,2.7,15.7,3.1,16.2,3.4,11.7,4.2,17.1,2.9,21.8,3.6,24.3,3.9,7.9,3.3,8.8,1.9,10.7,2.8,12.7,3.4,4.6,3.1,6.6,1.8,9.3,2.5,12.6,3.3,0.9,1.1,1.4,0.9,1.3,0.8,1.7,1.0,1.6,2.4,1.0,0.6,1.3,0.9,1.8,1.1,0.4,0.7,35579,1882,42949,4540,53048,3819,22095,4126,46864,2738,53450,3531,N,N,31337,5053,34.3,(X),(X),(X),(X),(X),(X),(X),(X),(X),31.3,(X),(X),(X),(X),(X),(X),(X),(X),(X),(X),(X),38.9,(X)
0500000US37179,37179,"Union County, North Carolina",69841,1506,55162,1862,43933,2155,14679,1562,3.5,1.1,2.3,1.1,0.7,0.5,10.3,3.6,3.1,1.0,1.7,0.8,0.7,0.4,8.5,3.2,8.0,1.5,7.4,1.7,4.0,1.1,14.5,4.4,10.7,1.9,7.7,1.8,5.5,1.4,21.6,5.3,14.3,1.9,14.7,2.4,13.7,2.7,15.0,4.3,18.6,2.3,17.5,2.4,17.6,2.6,17.2,5.3,14.5,1.5,15.7,1.9,17.6,2.1,7.8,3.2,14.5,2.2,17.6,2.7,21.0,3.2,2.5,2.0,6.2,1.2,7.6,1.5,9.5,1.9,0.8,0.9,6.6,1.4,7.9,1.7,9.6,2.1,1.8,1.5,63355,2985,73459,3875,84821,4145,32184,2989,86700,7256,97303,8488,N,N,42544,4790,31.8,(X),(X),(X),(X),(X),(X),(X),(X),(X),32.5,(X),(X),(X),(X),(X),(X),(X),(X),(X),(X),(X),25.7,(X)
0500000US37183,37183,"Wake County, North Carolina",364717,4318,235427,5455,177144,5144,129290,5324,4.5,0.6,2.8,0.6,1.1,0.4,8.3,1.5,3.7,0.6,2.2,0.6,0.9,0.4,7.1,1.3,7.7,0.9,6.0,0.9,2.9,0.8,11.5,1.8,8.4,0.9,6.4,1.0,3.4,0.6,13.0,1.8,13.5,1.0,10.7,1.1,8.7,1.1,18.0,2.2,18.7,1.1,18.0,1.4,17.3,1.6,19.4,1.7,13.4,0.9,14.6,1.1,16.7,1.4,10.4,1.5,16.0,1.0,19.9,1.3,24.3,1.4,8.3,1.5,6.8,0.6,9.3,0.9,11.4,1.2,2.0,0.5,7.3,0.5,10.2,0.8,13.3,1.0,2.0,0.6,65160,1779,81545,2254,97421,3747,42207,1875,88354,2090,105548,2955,123808,3767,54743,2274,23.5,(X),(X),(X),(X),(X),(X),(X),(X),(X),23.7,(X),(X),(X),(X),(X),(X),(X),(X),(X),(X),(X),22.2,(X)
0500000US37191,37191,"Wayne County, North Carolina",46834,1317,33180,2106,21930,1705,13654,1841,6.6,1.7,4.6,1.7,1.0,0.8,12.1,4.2,4.7,1.7,2.8,2.0,0.6,0.5,9.6,3.0,17.9,3.8,15.1,3.7,8.0,3.3,24.4,8.0,14.4,2.9,14.7,3.8,12.7,4.3,15.4,4.5,11.8,2.4,10.4,2.5,10.0,2.6,15.2,5.2,20.6,3.2,23.7,3.9,28.7,5.4,13.3,4.8,14.2,3.2,16.3,3.9,21.6,5.0,8.5,6.0,6.3,1.6,8.4,2.0,12.2,2.9,0.7,0.9,2.1,1.0,2.0,1.1,3.0,1.7,0.7,0.8,1.5,0.7,2.1,1.0,2.3,1.2,0.0,1.2,42193,3646,51797,3230,63306,4288,28040,5978,54320,2925,61021,3559,N,N,34874,4647,21.6,(X),(X),(X),(X),(X),(X),(X),(X),(X),22.9,(X),(X),(X),(X),(X),(X),(X),(X),(X),(X),(X),17.1,(X)
0500000US37193,37193,"Wilkes County, North Carolina",27557,1356,19535,1459,N,N,8022,1338,14.2,4.2,7.7,4.1,N,N,30.6,9.8,9.9,3.1,7.0,3.2,N,N,17.6,7.6,18.6,3.9,17.3,4.5,N,N,23.2,8.0,14.0,3.4,16.1,4.4,N,N,7.2,4.1,14.6,3.8,16.7,4.9,N,N,8.8,4.2,13.8,3.0,17.4,4.3,N,N,4.9,3.3,7.9,3.1,9.5,3.9,N,N,4.0,3.8,3.8,1.6,5.0,2.3,N,N,0.7,1.2,1.1,0.8,1.6,1.2,N,N,0.0,2.1,2.1,1.1,1.7,1.4,N,N,3.0,2.8,31135,4121,36211,4411,43301,3862,15822,3586,44783,5111,50430,6835,N,N,30100,8816,28.8,(X),(X),(X),(X),(X),(X),(X),(X),(X),30.8,(X),(X),(X),(X),(X),(X),(X),(X),(X),(X),(X),23.1,(X)
0500000US37195,37195,"Wilson County, North Carolina",31657,962,21797,1489,N,N,9860,1387,5.9,2.4,5.0,3.2,N,N,10.1,3.7,7.4,2.3,5.8,2.6,N,N,13.1,5.0,12.3,3.0,7.2,2.5,N,N,23.4,7.5,13.3,3.6,12.9,4.4,N,N,12.1,5.1,21.7,4.0,20.8,4.8,N,N,26.3,8.3,19.9,3.5,22.6,5.1,N,N,11.4,4.5,7.9,2.3,10.6,2.9,N,N,0.8,1.2,7.5,2.0,9.7,2.8,N,N,2.3,1.9,2.4,1.2,3.3,1.8,N,N,0.3,0.5,1.6,1.2,2.3,1.7,N,N,0.3,0.5,41095,2178,47157,6476,60941,4736,26733,6649,54035,3841,62066,5403,N,N,33817,4082,28.8,(X),(X),(X),(X),(X),(X),(X),(X),(X),31.4,(X),(X),(X),(X),(X),(X),(X),(X),(X),(X),(X),20.3,(X)
0500000US38015,38015,"Burleigh County, North Dakota",36812,930,21910,1585,N,N,14902,1470,3.6,1.5,1.9,1.7,N,N,6.4,2.5,4.9,1.5,2.5,1.7,N,N,8.4,3.4,8.5,2.5,4.4,2.1,N,N,14.4,4.7,10.0,2.7,4.5,2.2,N,N,20.0,5.7,14.1,2.7,9.7,2.3,N,N,21.4,5.0,15.5,2.4,15.7,3.0,N,N,15.1,4.1,15.6,3.0,19.7,3.5,N,N,8.3,4.8,17.0,3.0,24.3,4.0,N,N,5.8,3.8,5.7,1.4,9.0,2.3,N,N,0.3,0.5,5.1,1.7,8.4,2.7,N,N,0.0,0.6,64388,5833,87424,4170,96376,5281,35481,4321,79720,4544,102772,6377,N,N,42962,4813,35.3,(X),(X),(X),(X),(X),(X),(X),(X),(X),34.3,(X),(X),(X),(X),(X),(X),(X),(X),(X),(X),(X),36.4,(X)
0500000US38017,38017,"Cass County, North Dakota",68282,1477,38170,1906,29491,1946,30112,2325,6.8,1.7,1.8,1.0,1.1,1.2,13.3,3.5,4.4,1.2,3.1,2.1,0.3,0.4,8.9,2.2,10.8,2.0,5.1,1.6,3.2,1.4,16.8,3.3,12.3,2.1,8.9,2.1,7.0,2.5,16.0,4.1,13.5,2.4,10.3,2.7,9.2,2.7,18.9,4.8,20.2,3.0,24.0,4.0,25.0,4.3,15.5,3.7,12.9,2.0,17.4,2.8,18.7,3.0,5.6,2.2,11.0,2.2,16.5,3.5,19.5,4.0,3.3,1.6,3.9,1.1,6.1,1.9,7.2,2.3,0.9,0.6,4.2,1.3,6.8,2.2,8.8,2.9,0.8,0.8,52015,2942,71587,3608,81163,8877,31677,2018,70599,4304,91447,6496,N,N,41794,4691,21.5,(X),(X),(X),(X),(X),(X),(X),(X),(X),16.3,(X),(X),(X),(X),(X),(X),(X),(X),(X),(X),(X),23.8,(X)
0500000US38035,38035,"Grand Forks County, North Dakota",28233,839,15799,1383,N,N,12434,1288,12.2,3.6,1.7,1.4,N,N,25.5,7.0,6.9,2.6,2.1,1.8,N,N,13.0,5.6,10.1,2.6,9.3,3.8,N,N,13.5,4.9,8.1,2.3,6.9,2.7,N,N,8.6,3.9,13.5,3.3,12.9,4.4,N,N,16.1,5.6,16.9,2.7,21.1,3.9,N,N,11.4,4.5,13.1,2.9,16.9,3.7,N,N,8.9,5.2,12.5,2.2,18.1,3.4,N,N,2.3,2.0,3.5,1.3,5.5,2.1,N,N,0.3,0.5,3.3,1.1,5.5,2.0,N,N,0.4,0.5,49248,3616,70431,7892,78858,7828,23384,6230,66520,5036,89526,8636,N,N,33737,4914,26.2,(X),(X),(X),(X),(X),(X),(X),(X),(X),25.9,(X),(X),(X),(X),(X),(X),(X),(X),(X),(X),(X),26.1,(X)
0500000US38101,38101,"Ward County, North Dakota",26680,1152,16027,1397,N,N,10653,1217,3.4,1.7,1.4,1.2,N,N,6.5,3.7,3.8,2.4,1.1,0.9,N,N,8.3,5.7,10.0,3.9,5.3,2.9,N,N,17.1,8.2,11.4,2.8,10.3,3.9,N,N,15.3,5.6,14.6,4.1,14.1,5.1,N,N,17.1,6.2,18.2,3.5,18.8,5.1,N,N,16.8,5.2,18.4,3.9,22.4,5.1,N,N,10.6,5.7,11.2,2.7,15.1,4.3,N,N,3.1,2.0,5.3,2.2,7.7,3.3,N,N,1.6,1.9,3.7,1.9,3.8,2.5,N,N,3.6,3.0,57679,6562,71320,11636,80030,5153,36681,7124,73185,6167,84716,8376,N,N,52764,8198,23.4,(X),(X),(X),(X),(X),(X),(X),(X),(X),24.6,(X),(X),(X),(X),(X),(X),(X),(X),(X),(X),(X),21.3,(X)
0500000US39003,39003,"Allen County, Ohio",40359,1076,26567,1513,18918,1361,13792,1346,9.3,2.1,4.6,1.9,1.7,1.4,20.1,4.7,4.7,1.5,2.3,1.0,0.8,0.7,9.7,3.9,13.4,2.3,9.3,2.6,4.2,1.5,24.4,5.4,14.0,2.4,12.5,2.9,8.7,2.7,16.8,4.4,14.9,2.7,14.9,3.2,14.4,3.7,12.1,4.0,18.2,2.2,21.9,3.2,24.9,3.4,11.1,3.8,12.7,2.3,16.8,3.3,20.8,4.1,2.9,1.6,9.2,1.8,12.9,2.4,17.9,3.1,2.0,1.5,1.5,0.6,1.9,0.9,2.7,1.3,0.4,0.6,2.1,1.0,2.8,1.5,3.9,2.1,0.4,0.4,43030,3327,59510,5410,69785,4949,23395,2382,56070,3645,67716,5054,N,N,30466,3237,31.3,(X),(X),(X),(X),(X),(X),(X),(X),(X),33.0,(X),(X),(X),(X),(X),(X),(X),(X),(X),(X),(X),27.2,(X)
0500000US39007,39007,"Ashtabula County, Ohio",39393,1452,26301,1536,N,N,13092,1470,10.1,2.2,6.9,2.8,N,N,18.8,5.1,7.8,1.9,6.6,2.2,N,N,11.1,3.6,11.3,2.1,6.8,2.3,N,N,20.8,4.8,14.4,2.3,14.8,3.2,N,N,13.7,4.6,16.2,3.0,19.9,4.3,N,N,7.1,3.2,19.5,2.9,21.6,4.1,N,N,15.8,4.3,11.7,2.0,11.1,2.2,N,N,10.2,4.2,7.8,1.6,11.0,2.4,N,N,1.4,1.3,1.2,0.6,1.2,0.8,N,N,1.2,1.0,0.1,0.2,0.1,0.2,N,N,0.0,1.1,40839,2047,46379,3456,55435,2885,24397,4728,48251,1967,53853,2846,N,N,34763,3602,24.1,(X),(X),(X),(X),(X),(X),(X),(X),(X),25.4,(X),(X),(X),(X),(X),(X),(X),(X),(X),(X),(X),21.1,(X)
0500000US39013,39013,"Belmont County, Ohio",28002,876,17565,1257,N,N,10437,1135,7.8,2.4,3.5,1.7,N,N,17.2,5.9,6.5,1.9,2.7,1.6,N,N,15.4,4.8,16.9,3.6,11.8,3.8,N,N,26.2,6.0,14.6,3.3,12.3,3.4,N,N,17.9,6.0,15.1,3.1,15.6,3.7,N,N,11.9,4.8,15.5,2.6,19.8,4.0,N,N,8.0,3.7,10.4,2.4,14.1,3.4,N,N,2.4,1.8,9.4,2.2,14.7,3.4,N,N,0.5,0.7,0.9,0.6,1.2,0.9,N,N,0.5,0.5,2.7,1.6,4.4,2.5,N,N,0.0,1.4,38224,4060,53428,4716,62165,6287,19899,1964,53634,4242,68099,6411,N,N,26706,2623,26.8,(X),(X),(X),(X),(X),(X),(X),(X),(X),24.9,(X),(X),(X),(X),(X),(X),(X),(X),(X),(X),(X),25.9,(X)
0500000US39017,39017,"Butler County, Ohio",134073,2641,95249,3376,71611,2869,38824,2808,6.1,1.2,4.6,1.4,1.5,0.8,12.0,2.8,4.3,0.9,2.6,0.8,1.3,0.6,9.2,2.4,9.7,1.2,7.3,1.4,4.6,1.2,16.3,3.2,9.4,1.1,7.0,1.1,5.4,1.2,17.0,2.8,15.3,1.5,14.6,2.0,12.9,1.9,17.2,2.9,19.1,1.6,19.8,1.9,20.5,2.3,15.3,2.6,12.4,1.3,14.8,1.7,17.5,2.1,5.1,1.7,14.2,1.4,17.0,1.8,20.5,2.3,5.7,2.1,5.2,0.9,6.7,1.2,8.6,1.6,1.3,1.1,4.2,0.8,5.6,1.1,7.1,1.5,1.0,0.7,55958,2983,68138,3172,80246,4071,31352,2082,72736,2409,83477,3253,N,N,42211,3125,36.4,(X),(X),(X),(X),(X),(X),(X),(X),(X),35.6,(X),(X),(X),(X),(X),(X),(X),(X),(X),(X),(X),35.4,(X)
0500000US39023,39023,"Clark County, Ohio",54372,1565,35895,1819,25209,1736,18477,1432,10.2,1.8,6.5,1.9,3.4,1.8,19.2,3.6,5.4,1.3,2.2,1.0,0.8,0.7,11.7,3.3,14.5,2.3,11.3,2.6,4.6,1.7,22.9,4.2,10.8,1.7,8.6,1.9,7.0,1.9,13.6,3.4,14.9,1.9,15.3,2.4,14.4,2.9,12.5,2.8,17.2,1.7,21.8,2.3,23.8,2.8,9.2,2.2,12.5,1.9,15.1,2.4,19.8,3.2,7.4,2.8,9.2,1.8,12.5,2.3,17.2,3.1,0.9,0.7,3.4,1.0,4.5,1.4,5.9,2.1,1.5,1.5,1.9,0.7,2.2,0.9,3.0,1.2,1.2,0.9,43742,2930,55638,2968,70469,3554,23333,2245,59914,3503,71011,5217,N,N,35812,4514,34.3,(X),(X),(X),(X),(X),(X),(X),(X),(X),35.5,(X),(X),(X),(X),(X),(X),(X),(X),(X),(X),(X),30.1,(X)
0500000US39025,39025,"Clermont County, Ohio",73238,1671,52739,2447,41694,2413,20499,1953,5.4,1.2,3.0,1.2,0.4,0.4,12.8,3.2,3.2,1.0,1.9,0.8,1.3,0.8,6.9,2.6,9.3,1.6,5.7,1.5,3.5,1.2,18.6,4.6,9.9,1.8,7.7,1.9,6.5,1.5,14.9,4.2,11.9,1.8,10.9,1.9,10.1,2.0,15.4,3.9,20.7,2.4,21.6,2.8,21.1,2.7,21.1,4.6,13.5,2.2,15.6,2.5,17.1,3.0,5.3,2.2,16.0,2.4,20.3,3.2,24.3,3.3,3.5,1.9,6.1,1.2,8.4,1.6,10.4,2.0,0.4,0.7,4.0,0.9,5.0,1.3,5.4,1.2,1.0,0.9,61702,1894,73940,4346,83427,4495,32139,3849,76321,3209,88662,4012,98591,4442,40629,3303,31.1,(X),(X),(X),(X),(X),(X),(X),(X),(X),31.0,(X),(X),(X),(X),(X),(X),(X),(X),(X),(X),(X),31.3,(X)
0500000US39029,39029,"Columbiana County, Ohio",40274,1726,27678,2183,N,N,12596,1414,10.2,2.3,6.4,2.5,N,N,20.2,5.3,7.0,2.0,4.7,1.9,N,N,12.8,4.5,12.4,2.6,8.8,2.6,N,N,22.4,5.8,11.7,2.1,11.6,2.8,N,N,12.5,3.4,16.0,2.7,18.3,3.6,N,N,11.2,4.0,22.0,3.3,24.9,3.8,N,N,11.3,5.3,10.8,2.1,11.5,2.8,N,N,8.4,3.7,7.7,1.6,10.9,2.3,N,N,0.2,0.3,1.4,0.8,2.1,1.2,N,N,0.0,1.2,0.9,0.7,0.8,0.7,N,N,1.0,1.2,42100,3513,50219,5448,63943,3810,21832,3134,53026,3718,59053,3676,N,N,37057,8558,28.2,(X),(X),(X),(X),(X),(X),(X),(X),(X),28.0,(X),(X),(X),(X),(X),(X),(X),(X),(X),(X),(X),27.7,(X)
0500000US39035,39035,"Cuyahoga County, Ohio",535088,4450,305390,6001,193776,5448,229698,5645,11.6,0.6,7.0,0.7,1.7,0.5,18.6,1.0,6.7,0.5,4.1,0.6,1.5,0.4,10.4,0.9,11.9,0.7,8.4,0.9,4.7,0.7,16.5,1.1,11.3,0.6,10.0,0.8,7.6,0.9,12.9,1.2,13.5,0.6,12.8,0.9,10.3,0.9,14.8,1.1,16.2,0.7,17.6,1.0,19.2,1.1,14.4,1.1,10.3,0.5,13.0,0.8,16.1,1.1,6.3,0.7,10.8,0.6,15.1,0.8,21.5,1.1,4.3,0.6,3.6,0.3,5.6,0.6,8.2,0.9,0.8,0.2,4.2,0.4,6.4,0.6,9.2,0.8,1.1,0.3,43501,1147,59578,1540,82050,1460,28139,1338,65544,1483,83889,2320,107909,3502,39341,1022,29.9,(X),(X),(X),(X),(X),(X),(X),(X),(X),32.0,(X),(X),(X),(X),(X),(X),(X),(X),(X),(X),(X),26.3,(X)
0500000US39041,39041,"Delaware County, Ohio",65807,864,49457,1560,N,N,16350,1469,2.2,0.9,1.0,0.7,N,N,5.7,2.9,2.0,0.9,1.9,1.1,N,N,2.5,1.4,4.6,1.2,2.5,1.2,N,N,12.2,4.0,7.5,1.6,5.4,1.8,N,N,15.9,4.6,12.3,1.9,9.1,2.2,N,N,21.9,5.3,15.9,2.0,16.0,2.3,N,N,15.5,4.0,13.6,2.1,13.7,2.3,N,N,13.6,5.0,19.9,2.2,22.8,2.5,N,N,7.8,3.6,10.6,1.6,13.3,2.1,N,N,2.2,1.9,11.4,1.9,14.3,2.4,N,N,2.7,2.0,84159,6238,100610,6535,112115,4097,42331,4283,109699,4629,125628,6636,N,N,57663,5825,17.5,(X),(X),(X),(X),(X),(X),(X),(X),(X),18.6,(X),(X),(X),(X),(X),(X),(X),(X),(X),(X),(X),13.6,(X)
0500000US39043,39043,"Erie County, Ohio",33168,906,20682,1628,N,N,12486,1528,8.0,2.4,5.3,2.4,N,N,13.1,5.1,6.4,2.7,5.3,2.8,N,N,9.2,4.9,9.9,2.5,6.4,2.1,N,N,16.6,5.6,13.1,2.6,9.3,2.7,N,N,18.9,5.4,17.2,3.2,19.7,4.7,N,N,15.0,5.0,18.6,2.7,18.5,3.2,N,N,16.9,4.9,13.0,3.0,17.5,3.9,N,N,4.2,2.7,8.9,2.3,12.8,3.3,N,N,2.1,1.7,3.1,1.8,3.2,1.7,N,N,3.1,3.5,1.6,0.8,2.1,1.3,N,N,0.8,0.8,46073,2283,52473,5740,68203,6200,30542,3055,57501,3621,66594,4625,N,N,40448,5849,26.9,(X),(X),(X),(X),(X),(X),(X),(X),(X),27.0,(X),(X),(X),(X),(X),(X),(X),(X),(X),(X),(X),25.3,(X)
0500000US39045,39045,"Fairfield County, Ohio",54886,1201,38083,1764,29366,1795,16803,1731,4.5,1.4,1.5,0.9,0.4,0.4,12.4,4.2,5.8,1.5,3.4,1.2,1.7,0.9,11.3,4.0,10.9,1.9,6.9,2.1,4.0,1.8,19.9,4.7,10.3,2.0,10.1,2.3,8.0,2.3,14.3,4.8,13.8,2.4,13.6,2.4,10.7,2.4,15.1,4.3,17.0,2.4,18.1,2.7,20.0,3.3,11.5,3.8,15.3,2.5,16.8,3.0,18.3,3.4,10.3,4.3,15.2,1.9,19.7,2.6,24.7,3.3,3.9,2.8,4.9,1.2,6.8,1.7,8.2,2.1,0.4,0.5,2.4,0.9,3.1,1.3,4.0,1.7,0.7,0.7,56286,3105,70384,4497,83196,7822,30969,3507,68826,2995,79795,3853,N,N,40991,5272,21.6,(X),(X),(X),(X),(X),(X),(X),(X),(X),20.1,(X),(X),(X),(X),(X),(X),(X),(X),(X),(X),(X),23.8,(X)
0500000US39049,39049,"Franklin County, Ohio",476532,5090,274969,5967,188517,5903,201563,6081,8.5,0.6,5.0,0.8,2.0,0.6,14.4,1.2,4.8,0.6,3.3,0.6,1.0,0.3,7.3,1.0,10.7,0.7,8.9,1.0,5.1,0.8,14.1,1.2,10.3,0.7,8.0,0.9,5.1,0.8,13.3,1.1,14.1,0.8,12.7,0.9,10.7,1.1,16.4,1.3,19.0,1.0,18.9,1.3,20.1,1.6,18.0,1.4,11.1,0.9,12.9,1.2,15.7,1.5,8.2,1.1,12.9,0.7,17.2,1.0,22.3,1.2,6.0,0.8,4.7,0.4,7.1,0.7,9.8,1.0,1.2,0.4,3.9,0.4,5.9,0.6,8.2,0.9,1.0,0.3,51460,1054,64742,1793,84348,3165,35565,929,70152,1497,86325,2607,105356,4045,45433,1396,25.3,(X),(X),(X),(X),(X),(X),(X),(X),(X),25.9,(X),(X),(X),(X),(X),(X),(X),(X),(X),(X),(X),22.9,(X)
0500000US39055,39055,"Geauga County, Ohio",34280,880,24417,1381,N,N,9863,1381,4.1,1.5,1.9,1.2,N,N,11.5,4.5,2.6,1.2,1.0,0.9,N,N,5.2,2.7,9.4,2.7,4.7,2.0,N,N,21.0,7.4,6.6,1.8,4.7,2.0,N,N,11.4,4.3,10.3,2.1,9.5,2.9,N,N,15.4,4.4,21.8,3.5,23.0,4.1,N,N,16.2,6.7,15.1,3.2,15.8,3.8,N,N,13.7,6.3,17.8,2.4,23.0,3.2,N,N,3.7,2.6,6.1,1.7,8.6,2.5,N,N,0.8,1.5,6.3,1.6,7.7,2.2,N,N,1.1,1.5,66428,6328,81956,4867,87924,5997,35519,4939,87288,5940,103148,8155,N,N,45122,6217,31.2,(X),(X),(X),(X),(X),(X),(X),(X),(X),31.9,(X),(X),(X),(X),(X),(X),(X),(X),(X),(X),(X),28.9,(X)
0500000US39057,39057,"Greene County, Ohio",62236,1718,40510,2314,31785,1906,21726,1890,6.4,1.7,4.7,1.6,1.5,1.4,10.9,3.5,5.3,1.6,3.7,1.7,2.2,1.1,9.3,3.5,8.8,1.8,5.6,1.7,4.0,1.8,13.9,3.4,8.9,1.7,7.1,1.7,4.6,1.4,13.5,4.1,12.0,2.0,9.3,2.1,8.1,2.0,16.3,3.8,18.4,2.7,18.5,2.9,19.4,3.4,17.4,4.5,14.1,2.1,16.5,2.6,19.0,3.1,9.3,3.2,14.3,2.0,19.1,2.9,22.1,3.3,5.1,2.0,7.1,1.7,8.8,2.2,10.9,2.7,3.3,2.2,4.7,1.3,6.8,1.9,8.2,2.3,1.0,1.2,59872,4635,76621,5442,84928,5954,36775,6037,77565,4948,89376,4980,N,N,53332,11880,22.1,(X),(X),(X),(X),(X),(X),(X),(X),(X),24.0,(X),(X),(X),(X),(X),(X),(X),(X),(X),(X),(X),17.9,(X)
0500000US39061,39061,"Hamilton County, Ohio",334957,3317,196648,4818,129555,4283,138309,4972,11.4,0.8,7.1,0.9,2.0,0.6,17.8,1.5,6.2,0.7,3.9,0.7,1.6,0.6,9.9,1.3,10.4,0.9,7.9,1.0,3.6,0.9,15.0,1.7,10.3,0.8,8.6,1.0,6.3,1.1,13.2,1.4,14.1,0.9,12.6,1.3,10.3,1.2,15.8,1.4,16.4,1.0,17.5,1.3,19.5,1.6,13.9,1.7,11.0,0.9,13.1,1.3,15.5,1.5,7.8,1.3,11.0,0.8,15.4,1.3,21.1,1.9,4.5,0.7,4.1,0.5,6.1,0.8,8.6,1.1,1.0,0.4,5.1,0.4,7.9,0.7,11.4,1.1,1.2,0.4,46967,1177,62740,2333,84225,4029,30408,1267,70587,2061,89985,3374,114175,4568,41564,1849,31.9,(X),(X),(X),(X),(X),(X),(X),(X),(X),33.1,(X),(X),(X),(X),(X),(X),(X),(X),(X),(X),(X),29.1,(X)
0500000US39063,39063,"Hancock County, Ohio",31732,710,18040,1629,N,N,13692,1551,7.2,2.8,4.1,3.0,N,N,13.1,4.9,7.0,2.5,0.7,1.1,N,N,15.7,5.8,11.6,2.6,5.5,3.1,N,N,20.1,4.7,13.0,3.2,12.4,3.8,N,N,15.9,6.0,14.8,3.1,12.6,3.8,N,N,16.5,5.2,15.4,3.7,18.6,5.2,N,N,9.3,5.5,13.9,3.2,18.6,4.6,N,N,6.4,4.1,9.4,2.1,15.4,3.6,N,N,1.0,1.0,3.3,1.3,5.1,2.2,N,N,1.0,1.2,4.3,2.0,6.9,3.5,N,N,0.9,1.1,46382,3401,67816,6634,79277,5464,25446,3477,63644,4605,83696,7953,N,N,35197,5347,22.3,(X),(X),(X),(X),(X),(X),(X),(X),(X),20.8,(X),(X),(X),(X),(X),(X),(X),(X),(X),(X),(X),22.9,(X)
0500000US39081,39081,"Jefferson County, Ohio",27814,1074,17551,1261,N,N,10263,1125,11.5,2.7,8.3,3.0,N,N,17.0,5.0,7.1,1.5,3.5,1.6,N,N,14.0,3.9,12.8,2.4,6.4,1.9,N,N,23.7,5.0,15.9,3.1,19.4,4.6,N,N,13.1,4.9,16.1,3.2,15.5,3.8,N,N,16.6,5.4,16.8,2.8,21.3,4.0,N,N,7.5,2.9,10.4,2.6,13.4,3.8,N,N,4.2,2.5,6.3,2.2,8.4,3.2,N,N,2.5,1.7,1.8,1.0,2.7,1.5,N,N,0.3,0.5,1.2,0.9,1.3,0.9,N,N,1.1,1.6,37012,3174,46332,3781,56319,3943,22755,3617,48747,3228,57555,4111,N,N,31793,4428,29.5,(X),(X),(X),(X),(X),(X),(X),(X),(X),28.0,(X),(X),(X),(X),(X),(X),(X),(X),(X),(X),(X),31.6,(X)
0500000US39085,39085,"Lake County, Ohio",92428,1568,61730,2660,47232,2563,30698,2161,4.9,1.1,3.5,1.3,0.9,0.8,10.1,2.6,4.1,1.1,2.4,1.0,1.0,0.8,6.9,2.3,10.9,1.3,5.7,1.3,3.5,1.4,20.6,3.3,11.6,1.5,8.9,1.7,7.3,1.7,17.9,3.1,13.8,1.9,13.3,1.8,11.9,1.9,16.1,3.6,17.0,1.9,18.6,2.2,19.3,2.7,13.0,3.1,16.2,1.9,19.2,2.4,21.5,2.8,9.7,2.9,14.5,2.1,19.0,2.7,23.2,3.3,4.4,2.0,3.3,0.9,4.4,1.3,5.6,1.7,0.7,0.7,3.6,0.8,5.1,1.1,6.0,1.3,0.7,0.6,54906,3500,71521,3963,82667,4671,30690,2014,70865,3056,83722,3894,N,N,42267,4159,27.4,(X),(X),(X),(X),(X),(X),(X),(X),(X),27.7,(X),(X),(X),(X),(X),(X),(X),(X),(X),(X),(X),26.1,(X)
0500000US39089,39089,"Licking County, Ohio",63267,1518,45259,1851,34806,1806,18008,1506,4.8,1.0,3.8,1.4,1.3,0.6,11.9,3.3,5.4,1.4,2.5,1.4,0.1,0.2,14.3,4.6,9.3,1.9,6.2,1.9,2.1,1.0,20.3,4.6,10.7,2.2,8.8,2.3,7.0,2.2,13.9,4.4,14.7,2.1,14.9,2.5,15.2,2.7,12.9,3.1,21.2,2.6,22.5,3.4,24.6,3.9,17.0,4.5,12.9,2.1,14.7,2.5,17.1,3.1,5.0,2.8,14.6,1.8,18.7,2.3,23.0,3.0,3.0,1.8,3.9,1.3,4.8,1.7,5.5,1.8,1.0,0.8,2.5,0.9,3.2,1.3,4.2,1.6,0.7,0.6,54875,2663,66622,2105,74765,5556,27712,4831,70032,3280,79474,4075,N,N,40688,5465,26.0,(X),(X),(X),(X),(X),(X),(X),(X),(X),27.0,(X),(X),(X),(X),(X),(X),(X),(X),(X),(X),(X),22.4,(X)
0500000US39093,39093,"Lorain County, Ohio",116671,2134,79730,2407,55697,2738,36941,2456,6.5,1.2,4.7,1.2,1.4,0.6,12.4,2.7,5.0,1.0,4.2,1.3,0.4,0.3,8.1,2.2,10.5,1.4,7.2,1.4,3.7,1.0,18.3,2.8,10.7,1.4,8.3,1.4,6.4,1.4,16.0,2.8,14.1,1.5,12.7,1.5,11.9,1.7,15.5,2.5,19.3,1.6,20.3,1.9,21.4,2.1,15.9,2.8,14.4,1.6,16.5,1.9,20.8,2.4,8.7,2.2,12.5,1.4,16.2,1.9,21.6,2.4,4.1,1.9,4.3,0.9,5.9,1.3,7.9,1.7,0.7,0.6,2.7,0.7,3.8,1.1,4.6,1.3,0.2,0.3,52687,2262,63839,3244,79129,2700,31010,1815,66842,2810,78071,3959,91899,3741,39752,2345,23.3,(X),(X),(X),(X),(X),(X),(X),(X),(X),22.8,(X),(X),(X),(X),(X),(X),(X),(X),(X),(X),(X),22.9,(X)
0500000US39095,39095,"Lucas County, Ohio",177064,2947,101779,3761,66004,3071,75285,3771,12.1,1.2,8.4,1.3,2.9,0.9,18.2,2.1,6.9,0.9,4.6,0.9,2.8,0.8,10.0,1.6,14.8,1.4,10.3,1.8,4.7,1.2,21.3,2.3,10.9,1.1,9.0,1.2,6.3,1.0,13.5,1.9,13.6,1.0,13.3,1.3,12.9,1.7,13.7,1.6,17.5,1.2,19.4,1.7,22.7,2.0,14.3,1.9,10.1,1.1,13.8,1.6,17.6,2.0,4.9,1.3,8.7,0.9,12.9,1.5,17.9,2.3,2.7,1.0,2.8,0.5,4.2,0.9,6.1,1.2,0.8,0.5,2.6,0.6,4.1,1.0,6.1,1.5,0.7,0.4,40245,1705,53671,2883,71757,3277,25378,1986,55950,2030,70382,3034,89123,4451,35009,1955,26.4,(X),(X),(X),(X),(X),(X),(X),(X),(X),24.6,(X),(X),(X),(X),(X),(X),(X),(X),(X),(X),(X),27.9,(X)
0500000US39099,39099,"Mahoning County, Ohio",97861,2217,59534,2495,40463,2307,38327,2458,10.3,1.6,6.7,1.6,2.4,1.2,16.7,2.7,6.2,1.1,3.7,1.3,1.7,1.2,10.9,1.9,15.9,1.6,9.5,1.7,5.3,1.7,25.1,3.3,11.9,1.5,12.2,2.1,9.5,2.0,12.1,2.2,13.1,1.4,14.5,1.9,15.6,2.8,10.5,2.0,21.1,1.9,23.7,2.5,25.9,3.0,16.3,3.1,9.4,1.4,12.0,1.9,15.0,2.7,5.5,1.6,7.7,1.1,11.3,1.6,15.3,2.1,1.6,1.0,1.9,0.6,2.7,0.9,3.9,1.3,0.6,0.7,2.6,1.0,3.7,1.4,5.3,2.1,0.8,0.6,40843,2180,52619,2907,63370,3057,22970,2268,54301,2567,65726,3779,N,N,35587,3877,22.9,(X),(X),(X),(X),(X),(X),(X),(X),(X),23.1,(X),(X),(X),(X),(X),(X),(X),(X),(X),(X),(X),22.1,(X)
0500000US39101,39101,"Marion County, Ohio",24084,1148,16769,1273,N,N,7315,1159,7.6,2.3,4.2,2.4,N,N,18.6,5.9,5.4,2.1,1.8,1.6,N,N,13.6,6.0,15.3,3.3,12.1,3.7,N,N,25.2,6.7,13.2,2.9,11.8,3.4,N,N,14.5,5.5,15.0,3.3,15.5,3.6,N,N,15.0,6.0,19.0,3.5,22.2,5.0,N,N,8.9,4.7,11.8,3.3,14.9,4.5,N,N,3.1,2.5,7.8,2.9,11.7,4.3,N,N,0.2,0.3,3.9,1.9,4.9,2.5,N,N,0.2,0.4,0.9,0.8,1.0,1.1,N,N,0.7,1.1,41849,3405,54329,6616,60268,9922,20458,3109,57968,6446,67440,7687,N,N,33277,11248,30.7,(X),(X),(X),(X),(X),(X),(X),(X),(X),26.9,(X),(X),(X),(X),(X),(X),(X),(X),(X),(X),(X),36.1,(X)
0500000US39103,39103,"Medina County, Ohio",65961,1276,48457,1942,40168,1709,17504,1771,3.7,1.0,1.6,0.9,1.1,0.7,9.4,2.8,2.0,0.8,1.0,0.7,0.5,0.4,5.2,2.4,8.3,1.5,4.4,1.4,3.7,1.3,19.5,4.2,10.1,1.7,8.4,2.1,5.1,1.4,15.2,3.8,12.6,1.9,10.7,2.2,10.1,2.4,18.9,4.5,20.4,2.3,21.9,2.8,21.3,2.8,17.1,4.4,13.9,1.9,17.1,2.4,18.3,2.6,4.7,1.8,17.9,2.1,21.4,2.7,23.9,2.9,6.7,3.6,6.8,1.3,8.7,1.7,10.3,1.9,0.8,0.8,4.3,1.1,4.9,1.4,5.8,1.7,2.4,1.6,66477,2724,77273,3079,84898,3543,35330,3896,81351,3486,91922,4225,N,N,48783,6152,36.1,(X),(X),(X),(X),(X),(X),(X),(X),(X),35.3,(X),(X),(X),(X),(X),(X),(X),(X),(X),(X),(X),38.3,(X)
0500000US39109,39109,"Miami County, Ohio",40970,1146,28829,1658,N,N,12141,1472,2.5,1.0,2.7,1.4,N,N,4.6,2.8,6.4,2.2,2.0,1.7,N,N,16.6,4.8,10.7,2.2,6.8,2.6,N,N,20.8,5.0,12.4,2.6,11.1,3.0,N,N,15.9,5.3,16.2,3.0,16.7,3.5,N,N,12.6,4.8,21.1,3.2,21.8,4.2,N,N,18.4,5.4,15.0,2.4,18.3,3.0,N,N,7.2,3.5,11.4,2.3,15.5,3.1,N,N,1.1,1.2,2.7,1.2,3.4,1.5,N,N,1.0,1.6,1.6,1.1,1.6,1.0,N,N,1.7,2.7,51581,3576,62646,5868,70526,5304,30704,4166,62404,3083,70778,3598,N,N,40828,5957,23.5,(X),(X),(X),(X),(X),(X),(X),(X),(X),23.9,(X),(X),(X),(X),(X),(X),(X),(X),(X),(X),(X),21.6,(X)
0500000US39113,39113,"Montgomery County, Ohio",220684,2852,134510,3746,88243,3115,86174,3528,9.8,1.1,7.6,1.2,2.5,0.9,15.2,2.0,6.2,0.8,3.7,0.8,1.4,0.5,10.1,1.5,13.4,1.1,10.6,1.5,5.3,1.1,18.5,1.9,11.8,1.0,9.5,1.2,7.2,1.0,15.9,2.0,15.1,1.1,14.6,1.3,14.0,2.0,15.2,1.8,17.9,1.4,19.9,1.8,22.4,2.1,13.9,1.9,9.7,0.9,12.1,1.3,15.9,1.8,5.3,1.1,10.4,1.0,14.0,1.3,19.7,1.8,4.2,1.2,3.0,0.5,4.4,0.8,6.5,1.1,0.9,0.5,2.5,0.5,3.6,0.7,5.0,1.0,0.9,0.5,42776,1519,53694,2230,71337,2523,28117,1881,58741,1914,69623,2687,86909,3425,39848,2878,24.0,(X),(X),(X),(X),(X),(X),(X),(X),(X),25.0,(X),(X),(X),(X),(X),(X),(X),(X),(X),(X),(X),21.1,(X)
0500000US39119,39119,"Muskingum County, Ohio",34207,1160,23430,1586,N,N,10777,1365,9.2,2.4,8.6,2.7,N,N,15.1,4.8,5.7,1.7,4.3,2.0,N,N,8.4,3.4,18.2,3.2,12.9,3.6,N,N,30.3,6.8,13.3,2.5,12.4,3.6,N,N,15.5,4.3,13.8,2.6,13.3,2.6,N,N,12.0,4.7,19.4,3.0,21.0,3.8,N,N,15.6,5.2,8.0,2.0,10.8,2.6,N,N,0.9,0.9,9.7,2.8,13.1,4.1,N,N,1.9,1.9,1.9,1.2,2.6,1.7,N,N,0.0,1.4,0.9,0.7,1.1,0.9,N,N,0.3,0.5,39212,4380,48364,6622,59387,5256,22903,3294,51099,3740,58066,4468,N,N,32553,4891,26.3,(X),(X),(X),(X),(X),(X),(X),(X),(X),27.4,(X),(X),(X),(X),(X),(X),(X),(X),(X),(X),(X),23.2,(X)
0500000US39133,39133,"Portage County, Ohio",61623,1390,39069,1890,30068,1999,22554,2012,9.9,2.0,6.4,2.2,1.8,1.0,16.5,3.9,5.0,1.3,1.8,1.1,0.7,0.6,10.8,3.0,8.5,1.7,5.2,1.7,3.7,1.7,14.7,3.2,7.7,1.4,6.4,1.4,4.0,1.3,10.4,2.9,16.4,2.4,12.5,2.7,12.4,3.1,22.3,4.8,20.1,2.7,22.8,3.1,23.7,3.6,16.4,4.2,15.0,2.2,19.5,2.9,23.0,3.5,6.7,3.6,11.5,2.1,17.1,2.8,21.1,3.4,0.9,1.0,3.5,1.2,5.1,1.8,5.5,2.2,0.4,0.5,2.5,0.9,3.2,1.2,4.1,1.6,0.8,0.8,52337,3182,68270,4220,78504,4482,32604,6174,65533,4272,81090,5995,N,N,36561,3184,28.9,(X),(X),(X),(X),(X),(X),(X),(X),(X),26.9,(X),(X),(X),(X),(X),(X),(X),(X),(X),(X),(X),29.7,(X)
0500000US39139,39139,"Richland County, Ohio",47847,1460,29507,1819,N,N,18340,1620,10.1,2.1,7.6,2.5,N,N,15.7,4.3,5.6,1.4,3.6,1.6,N,N,9.7,2.9,13.7,2.3,7.5,2.0,N,N,22.4,4.8,14.7,2.5,11.9,2.7,N,N,19.5,4.1,17.9,2.7,20.1,3.4,N,N,14.2,3.6,17.7,2.4,22.5,3.4,N,N,10.1,3.3,10.6,2.1,13.1,2.9,N,N,6.4,3.5,6.6,1.7,8.9,2.2,N,N,1.7,1.3,1.2,0.7,1.8,1.2,N,N,0.0,0.8,1.9,0.9,2.9,1.5,N,N,0.4,0.5,39455,2274,49245,3898,55698,5038,25779,2029,51740,4050,62766,6162,N,N,32354,3235,37.4,(X),(X),(X),(X),(X),(X),(X),(X),(X),36.4,(X),(X),(X),(X),(X),(X),(X),(X),(X),(X),(X),37.6,(X)
0500000US39141,39141,"Ross County, Ohio",28189,1195,20051,1497,N,N,8138,1354,7.8,2.5,6.0,3.0,N,N,12.6,5.4,6.2,2.1,4.1,2.2,N,N,13.1,4.6,15.7,3.3,12.1,3.7,N,N,24.4,7.8,15.3,3.9,15.0,4.9,N,N,17.6,6.6,14.0,2.6,14.1,3.5,N,N,14.0,5.6,17.2,3.6,21.3,4.9,N,N,6.3,3.7,13.0,2.9,15.4,3.8,N,N,8.0,5.8,6.4,2.1,7.4,2.5,N,N,1.0,1.3,3.2,1.5,2.9,1.8,N,N,3.0,2.7,1.2,0.9,1.6,1.3,N,N,0.0,1.8,40493,4430,47266,6996,61556,6947,24941,3593,52792,3869,58631,5701,N,N,34813,5611,23.8,(X),(X),(X),(X),(X),(X),(X),(X),(X),23.5,(X),(X),(X),(X),(X),(X),(X),(X),(X),(X),(X),22.3,(X)
0500000US39145,39145,"Scioto County, Ohio",29356,1176,17891,1346,N,N,11465,1321,12.7,2.9,7.1,3.0,N,N,22.0,6.2,8.4,2.9,4.8,2.0,N,N,15.8,6.0,15.7,3.5,11.8,4.1,N,N,20.8,5.9,11.1,2.8,12.1,3.4,N,N,9.0,3.9,12.8,3.2,11.3,3.3,N,N,15.7,6.6,15.5,2.8,18.6,3.5,N,N,11.2,5.3,9.9,2.8,12.9,4.1,N,N,3.3,3.3,9.3,2.7,14.2,4.4,N,N,1.7,1.5,2.2,1.2,3.3,1.8,N,N,0.6,1.1,2.4,1.8,3.9,3.0,N,N,0.0,1.3,37351,5842,53726,10269,61972,4991,20885,2350,52472,4903,66671,7050,N,N,29352,3990,24.3,(X),(X),(X),(X),(X),(X),(X),(X),(X),23.4,(X),(X),(X),(X),(X),(X),(X),(X),(X),(X),(X),24.8,(X)
0500000US39151,39151,"Stark County, Ohio",149919,2235,97742,3034,72012,2704,52177,2603,8.2,1.1,5.2,1.1,1.4,0.6,15.9,2.6,5.8,0.8,2.4,0.6,0.7,0.3,11.8,2.1,14.3,1.3,8.4,1.3,5.3,1.2,26.0,3.0,11.6,1.3,10.3,1.5,9.2,1.4,14.0,2.4,14.7,1.5,14.9,1.7,14.2,1.9,14.7,2.2,17.9,1.6,21.2,2.0,21.9,2.4,10.8,2.3,10.4,1.1,14.8,1.9,17.8,2.1,2.7,0.9,11.4,1.3,14.6,1.6,19.1,2.1,3.2,1.1,3.4,0.7,4.9,1.0,6.0,1.3,0.3,0.3,2.4,0.5,3.3,0.7,4.4,1.0,0.5,0.4,44979,1805,59831,2497,71217,3573,23613,1160,62053,2488,76040,3248,89197,4058,32762,2492,26.8,(X),(X),(X),(X),(X),(X),(X),(X),(X),26.9,(X),(X),(X),(X),(X),(X),(X),(X),(X),(X),(X),25.2,(X)
0500000US39153,39153,"Summit County, Ohio",219701,2671,135552,4209,98374,3865,84149,4094,7.5,0.8,4.1,0.7,1.0,0.4,14.2,1.7,6.0,0.9,3.3,0.9,1.0,0.4,10.9,1.7,11.8,1.2,9.0,1.2,4.3,0.8,16.8,2.0,11.1,1.1,8.4,1.2,6.1,1.0,15.6,1.8,14.3,1.3,13.0,1.3,12.5,1.7,16.5,2.3,17.6,1.2,20.1,1.5,22.3,2.0,13.5,1.9,12.1,1.1,14.3,1.4,17.1,1.7,7.1,1.5,11.7,1.0,16.1,1.5,20.6,1.8,4.0,1.2,3.6,0.5,5.3,0.8,6.9,1.0,0.4,0.3,4.3,0.6,6.3,0.9,8.3,1.1,0.9,0.6,49232,1731,63788,2738,80489,2974,30080,1783,68061,1959,84510,2886,100688,3810,39083,1846,32.9,(X),(X),(X),(X),(X),(X),(X),(X),(X),33.2,(X),(X),(X),(X),(X),(X),(X),(X),(X),(X),(X),31.7,(X)
0500000US39155,39155,"Trumbull County, Ohio",85623,1532,55620,2147,39503,2077,30003,2304,7.6,1.3,5.9,1.8,1.1,0.7,12.7,2.6,7.3,1.2,5.4,1.5,2.1,1.0,11.5,2.6,13.6,1.7,8.4,2.0,4.8,1.4,23.3,3.2,12.9,1.8,9.2,2.2,8.7,2.4,20.0,3.4,17.2,1.6,17.9,2.3,19.1,3.0,16.1,2.9,17.9,1.7,20.3,2.3,22.1,2.6,11.2,2.3,11.7,1.5,16.0,2.2,20.1,2.6,3.1,1.6,8.7,1.5,12.4,2.2,15.6,2.6,1.6,0.9,1.6,0.5,2.4,0.8,3.4,1.1,0.1,0.2,1.5,0.6,2.1,0.9,3.0,1.2,0.4,0.5,41798,1546,52448,2766,64608,4617,25915,1579,54145,2551,64983,3802,N,N,32243,2685,29.1,(X),(X),(X),(X),(X),(X),(X),(X),(X),29.6,(X),(X),(X),(X),(X),(X),(X),(X),(X),(X),(X),26.3,(X)
0500000US39157,39157,"Tuscarawas County, Ohio",34949,1325,24069,1615,N,N,10880,1422,5.9,2.0,4.2,2.3,N,N,10.3,4.0,6.9,2.2,3.3,2.3,N,N,14.8,4.7,15.1,2.5,9.6,2.6,N,N,28.8,6.0,10.1,2.2,10.9,2.9,N,N,9.5,3.5,18.2,2.9,20.4,3.7,N,N,12.7,3.9,22.3,3.7,24.6,4.4,N,N,15.5,5.1,10.0,2.3,11.6,2.7,N,N,5.2,4.4,7.7,1.9,10.5,2.5,N,N,1.8,1.8,2.7,1.1,3.6,1.6,N,N,0.1,0.1,1.2,0.8,1.2,0.9,N,N,1.2,1.3,44130,2494,50918,2816,57314,3974,22379,3611,56826,4454,61400,3537,N,N,44212,12479,37.1,(X),(X),(X),(X),(X),(X),(X),(X),(X),38.5,(X),(X),(X),(X),(X),(X),(X),(X),(X),(X),(X),32.2,(X)
0500000US39165,39165,"Warren County, Ohio",77173,1826,59027,2634,N,N,18146,2278,2.9,1.1,1.4,0.8,N,N,7.7,3.7,3.3,1.8,2.7,2.1,N,N,5.5,3.0,6.9,1.4,4.1,1.4,N,N,16.5,4.7,7.9,1.4,6.7,1.6,N,N,11.7,3.2,10.0,1.9,8.5,1.9,N,N,16.0,5.8,19.8,2.4,19.7,2.7,N,N,21.5,5.9,11.4,1.8,12.3,2.1,N,N,7.0,3.0,18.1,2.4,19.9,2.9,N,N,11.7,4.4,9.5,2.1,11.8,2.8,N,N,2.0,2.2,10.0,2.3,12.9,3.0,N,N,0.5,0.6,73432,6601,88804,9360,96709,6242,39874,6482,96687,5796,109419,7059,N,N,52847,5723,32.7,(X),(X),(X),(X),(X),(X),(X),(X),(X),31.3,(X),(X),(X),(X),(X),(X),(X),(X),(X),(X),(X),36.2,(X)
0500000US39169,39169,"Wayne County, Ohio",43848,710,30780,1308,25434,1339,13068,1281,5.2,1.6,4.2,1.8,1.4,1.0,9.0,3.1,5.4,1.4,1.9,1.2,2.2,1.4,12.8,3.7,11.1,2.2,7.0,2.0,4.2,1.7,21.5,5.2,12.4,2.0,10.4,2.0,8.7,2.1,17.5,4.6,16.1,2.7,16.3,3.1,15.2,3.4,16.8,4.6,21.0,2.7,23.7,3.3,27.1,3.7,14.0,4.3,14.0,2.2,17.2,2.8,18.7,2.9,4.8,2.6,10.5,1.9,13.5,2.5,15.5,3.0,2.5,1.6,2.8,1.0,3.8,1.3,4.5,1.6,0.6,1.0,1.6,0.7,2.0,1.0,2.4,1.2,0.7,0.8,49849,2653,60205,2926,66074,3620,28451,4165,60314,2625,68953,3307,N,N,37458,4059,37.4,(X),(X),(X),(X),(X),(X),(X),(X),(X),38.2,(X),(X),(X),(X),(X),(X),(X),(X),(X),(X),(X),35.6,(X)
0500000US39173,39173,"Wood County, Ohio",49396,1434,31139,1808,N,N,18257,1602,7.8,2.2,3.5,1.7,N,N,17.9,5.4,5.7,1.7,2.5,1.5,N,N,10.9,3.5,10.3,2.1,8.5,3.1,N,N,15.0,4.3,10.4,1.8,6.9,1.9,N,N,15.2,3.5,13.8,2.5,10.6,2.6,N,N,19.0,5.2,18.9,2.6,20.8,3.2,N,N,13.8,3.9,12.0,1.9,17.3,3.1,N,N,2.7,1.3,13.7,2.1,19.3,3.0,N,N,4.0,2.3,4.5,1.4,6.6,2.1,N,N,1.0,1.3,2.7,1.1,4.0,1.8,N,N,0.6,0.7,51680,2954,70921,4282,78853,3052,29335,4560,68080,4724,85717,7569,N,N,35833,3838,23.8,(X),(X),(X),(X),(X),(X),(X),(X),(X),25.6,(X),(X),(X),(X),(X),(X),(X),(X),(X),(X),(X),18.6,(X)
0500000US40017,40017,"Canadian County, Oklahoma",41819,1210,31065,1439,N,N,10754,1268,2.6,0.9,2.3,1.0,N,N,4.2,2.3,2.1,0.8,1.2,0.7,N,N,4.9,2.3,7.1,1.7,3.8,1.8,N,N,16.6,4.7,8.2,2.0,5.4,1.9,N,N,17.6,5.7,15.9,2.6,12.6,2.5,N,N,25.8,6.7,23.6,3.1,25.2,3.5,N,N,17.3,5.3,16.6,2.1,20.0,2.8,N,N,6.9,2.7,16.6,2.5,19.8,3.1,N,N,6.1,2.7,4.1,1.3,5.5,1.7,N,N,0.0,0.9,3.2,1.2,4.1,1.6,N,N,0.4,0.7,63549,2619,73742,5657,82261,3527,40279,3455,75908,3545,86101,4653,N,N,45378,4162,33.9,(X),(X),(X),(X),(X),(X),(X),(X),(X),32.8,(X),(X),(X),(X),(X),(X),(X),(X),(X),(X),(X),36.1,(X)
0500000US40027,40027,"Cleveland County, Oklahoma",100126,1921,64905,2306,49162,2462,35221,2483,5.9,1.5,3.2,1.3,0.7,0.5,12.1,3.4,4.8,1.1,2.4,1.1,0.2,0.3,9.5,2.7,9.3,1.6,7.7,1.7,3.6,1.2,14.9,3.8,9.6,1.6,7.1,1.6,5.3,1.5,14.3,3.3,15.6,1.8,14.4,2.2,13.8,2.5,17.5,3.0,20.7,2.2,20.3,2.5,21.1,2.8,19.6,3.7,14.8,1.6,18.3,2.1,22.0,2.7,7.5,2.2,12.6,1.4,17.4,2.2,21.5,2.6,2.8,1.1,3.3,0.8,4.0,1.2,5.3,1.6,1.4,0.8,3.5,0.8,5.1,1.3,6.5,1.7,0.6,0.4,54340,2732,67228,3639,79609,2846,34377,3233,69544,3456,82886,5412,96703,6695,41413,2300,29.1,(X),(X),(X),(X),(X),(X),(X),(X),(X),27.4,(X),(X),(X),(X),(X),(X),(X),(X),(X),(X),(X),29.9,(X)
0500000US40031,40031,"Comanche County, Oklahoma",43506,1583,27534,1608,18648,1515,15972,1757,9.9,2.3,8.0,2.5,2.2,1.6,15.2,4.5,5.8,1.7,2.4,1.3,1.0,0.9,12.5,4.6,13.6,2.3,11.8,2.8,5.4,2.1,18.5,5.0,12.4,2.6,10.5,2.7,8.3,2.7,14.3,4.2,16.6,3.0,14.7,3.0,14.6,3.2,18.7,6.1,16.9,2.8,19.7,3.7,23.0,4.4,12.0,4.2,11.4,2.0,14.7,2.8,20.5,3.6,4.5,2.4,8.5,1.6,11.6,2.5,15.7,3.4,2.6,1.5,3.1,1.2,4.3,1.7,6.0,2.6,1.1,1.4,1.7,0.8,2.2,1.1,3.1,1.6,0.7,0.8,41488,3674,55111,6111,69795,3371,27428,5320,56768,3714,65491,3917,N,N,39525,6452,27.4,(X),(X),(X),(X),(X),(X),(X),(X),(X),28.1,(X),(X),(X),(X),(X),(X),(X),(X),(X),(X),(X),23.6,(X)
0500000US40037,40037,"Creek County, Oklahoma",25430,657,17929,813,14153,878,7501,681,7.3,1.5,5.4,1.8,2.7,1.5,13.2,4.3,8.0,1.7,1.8,1.0,1.0,0.9,22.8,5.3,11.1,2.2,8.2,2.2,5.0,1.8,18.8,4.4,11.4,2.0,11.2,2.1,10.3,2.5,11.9,3.6,15.8,2.6,16.9,2.9,17.9,3.4,12.4,3.9,19.8,2.5,22.5,3.2,25.0,3.7,12.4,4.2,12.6,2.6,16.3,3.4,16.1,3.7,3.5,2.0,8.6,1.7,11.2,2.4,13.8,3.0,2.1,1.8,3.3,1.2,4.1,1.5,5.0,1.8,1.6,1.9,2.1,1.1,2.4,1.3,3.1,1.7,1.2,1.4,44469,3948,56582,4411,63612,4549,21128,3351,58449,3260,67859,4481,N,N,34711,5123,36.6,(X),(X),(X),(X),(X),(X),(X),(X),(X),37.4,(X),(X),(X),(X),(X),(X),(X),(X),(X),(X),(X),34.3,(X)
0500000US40101,40101,"Muskogee County, Oklahoma",26529,824,18115,958,12350,936,8414,795,10.0,2.1,8.3,2.4,3.8,2.0,16.6,4.7,7.1,1.8,4.5,1.6,3.4,1.9,12.3,4.2,14.5,2.8,10.1,2.6,7.3,2.6,22.5,5.6,14.4,2.3,14.2,2.9,11.1,3.4,14.5,4.9,11.2,2.3,12.3,2.8,11.6,3.4,9.2,3.7,19.9,3.0,23.5,3.7,26.4,5.0,13.5,5.0,9.4,2.1,11.0,2.7,14.3,3.9,4.5,2.8,9.9,2.1,11.5,2.6,16.2,3.7,5.8,4.0,2.4,1.1,3.4,1.7,4.5,2.3,0.7,0.8,1.1,0.6,1.0,1.0,1.5,1.4,0.5,0.8,39130,4315,50298,2532,61035,7214,24099,4810,53021,3297,60134,4248,N,N,35643,4452,42.9,(X),(X),(X),(X),(X),(X),(X),(X),(X),42.4,(X),(X),(X),(X),(X),(X),(X),(X),(X),(X),(X),41.9,(X)
0500000US40109,40109,"Oklahoma County, Oklahoma",290073,3460,177970,4066,121795,3848,112103,4009,8.3,0.8,6.2,1.0,1.1,0.4,13.2,1.5,5.2,0.6,2.9,0.6,1.4,0.4,9.1,1.3,11.8,0.9,8.9,1.1,5.9,1.2,16.8,1.7,12.2,0.9,10.2,1.0,8.7,1.0,16.0,1.7,16.1,1.0,15.0,1.1,14.2,1.4,16.6,1.7,18.0,1.1,19.9,1.4,21.4,1.7,14.5,1.5,10.2,0.8,12.7,1.2,15.6,1.6,6.1,1.3,10.9,0.8,14.2,1.2,18.1,1.6,4.8,1.0,3.5,0.4,4.8,0.6,6.4,0.9,1.4,0.6,3.8,0.5,5.2,0.7,7.2,0.9,1.4,0.4,45810,1555,58419,1944,71873,1882,31200,1270,65946,1872,78775,2585,95076,3396,43535,2423,29.4,(X),(X),(X),(X),(X),(X),(X),(X),(X),30.7,(X),(X),(X),(X),(X),(X),(X),(X),(X),(X),(X),26.4,(X)
0500000US40119,40119,"Payne County, Oklahoma",30026,1454,16767,1524,N,N,13259,1355,14.1,3.5,5.9,3.3,N,N,26.1,8.0,11.0,3.4,5.9,3.2,N,N,17.3,5.9,11.2,2.7,10.6,3.7,N,N,12.9,4.1,12.6,3.5,10.0,3.2,N,N,15.9,6.6,12.9,3.1,13.7,4.1,N,N,9.4,3.0,13.7,3.4,18.1,4.7,N,N,8.5,4.8,9.6,2.7,15.0,4.2,N,N,2.1,1.6,9.0,2.6,11.5,3.8,N,N,5.9,3.2,3.4,1.5,5.3,2.4,N,N,1.0,1.2,2.6,1.3,3.9,2.2,N,N,0.8,1.2,36087,4324,56823,11489,65857,4042,19104,5071,54054,3826,69948,5713,N,N,32784,6278,34.0,(X),(X),(X),(X),(X),(X),(X),(X),(X),36.3,(X),(X),(X),(X),(X),(X),(X),(X),(X),(X),(X),30.5,(X)
0500000US40125,40125,"Pottawatomie County, Oklahoma",25894,910,18250,1144,13507,1066,7644,808,9.3,1.6,5.6,1.3,1.9,1.0,20.6,5.2,7.0,1.8,3.8,1.7,2.6,1.9,15.0,5.1,13.5,2.1,10.9,2.2,7.3,2.2,19.1,4.9,10.2,2.0,9.2,2.2,8.1,2.3,14.1,4.6,14.8,2.5,16.6,3.2,15.0,3.7,10.7,3.4,23.1,2.7,27.4,3.3,30.7,4.2,12.9,3.9,11.0,2.1,12.7,2.8,16.2,3.7,4.2,2.6,7.2,1.6,9.0,2.1,11.8,2.7,2.8,1.8,1.1,0.6,1.4,0.8,1.9,1.0,0.0,1.3,2.7,1.2,3.4,1.6,4.5,2.2,0.6,0.8,45012,2721,52175,2685,61075,4675,22393,3215,55012,3602,63255,4853,N,N,31617,3867,24.9,(X),(X),(X),(X),(X),(X),(X),(X),(X),25.5,(X),(X),(X),(X),(X),(X),(X),(X),(X),(X),(X),21.8,(X)
0500000US40131,40131,"Rogers County, Oklahoma",33316,547,24896,1002,19100,1130,8420,881,4.8,1.2,2.5,0.9,0.7,0.8,13.5,4.1,4.3,1.2,2.2,0.9,1.1,0.8,12.0,3.9,9.3,1.5,5.9,1.5,4.4,1.5,19.8,5.0,10.3,1.8,10.9,2.2,8.8,2.1,11.8,4.1,17.2,2.6,18.5,3.2,15.2,3.3,11.6,3.2,19.5,2.5,19.2,2.7,20.4,3.1,17.4,4.8,12.1,1.9,14.1,2.3,15.8,2.8,6.8,3.5,14.6,2.2,16.2,2.8,20.5,3.4,6.5,2.7,4.1,1.1,5.5,1.5,7.1,1.8,0.0,1.2,3.9,1.1,5.0,1.5,5.9,1.8,0.5,0.9,54425,3465,63664,4049,74253,5228,29758,5031,72967,5837,82279,7706,N,N,40801,5152,36.7,(X),(X),(X),(X),(X),(X),(X),(X),(X),37.1,(X),(X),(X),(X),(X),(X),(X),(X),(X),(X),(X),33.1,(X)
0500000US40143,40143,"Tulsa County, Oklahoma",244173,2039,155862,2812,110144,2489,88311,2651,8.1,0.6,5.8,0.6,1.8,0.4,13.4,1.4,5.6,0.5,2.9,0.5,1.4,0.4,10.6,1.3,11.8,0.7,8.7,0.7,5.0,0.7,18.3,1.6,11.2,0.7,10.0,0.8,7.6,0.9,13.9,1.4,15.0,0.8,14.2,1.0,12.9,1.2,16.2,1.4,18.9,0.9,20.7,1.3,23.1,1.5,14.7,1.2,11.1,0.8,13.6,1.1,16.3,1.4,6.0,1.0,10.8,0.7,13.5,1.1,17.5,1.5,5.0,0.9,4.0,0.4,5.5,0.5,7.3,0.8,1.3,0.6,3.6,0.4,5.1,0.6,7.0,0.9,0.7,0.4,47949,1182,60012,1468,72544,2017,30212,1101,67642,1562,81187,2179,98295,3113,41430,1899,27.0,(X),(X),(X),(X),(X),(X),(X),(X),(X),27.9,(X),(X),(X),(X),(X),(X),(X),(X),(X),(X),(X),23.9,(X)
0500000US40145,40145,"Wagoner County, Oklahoma",27553,553,20212,951,15437,863,7341,831,5.7,1.4,3.9,1.3,1.2,0.8,12.0,3.7,5.7,1.4,1.8,1.1,1.1,1.0,16.0,4.4,8.9,1.7,8.5,2.1,6.5,2.2,12.2,4.3,9.3,2.0,7.7,2.1,6.0,2.1,13.9,4.8,17.0,2.4,17.5,2.9,17.6,3.1,15.9,4.2,22.1,2.9,23.4,3.4,23.4,4.2,17.1,5.1,13.3,2.5,16.1,3.1,19.0,3.9,5.3,2.9,11.4,2.0,13.5,2.5,16.0,3.2,5.3,2.8,4.1,1.4,4.9,1.7,6.2,2.2,1.1,1.4,2.3,0.9,2.7,1.2,3.1,1.4,1.2,1.4,52108,2790,60475,2614,67056,5570,32862,2976,65814,3755,72059,3219,N,N,46076,11035,29.1,(X),(X),(X),(X),(X),(X),(X),(X),(X),27.8,(X),(X),(X),(X),(X),(X),(X),(X),(X),(X),(X),30.7,(X)
0500000US41003,41003,"Benton County, Oregon",33609,1062,18147,1454,N,N,15462,1339,10.6,2.7,4.6,2.7,N,N,18.6,5.7,6.5,2.1,2.5,1.7,N,N,10.7,4.1,12.1,2.8,5.1,2.6,N,N,20.4,4.8,8.1,2.2,6.5,3.1,N,N,10.0,3.1,14.1,3.3,13.3,4.5,N,N,14.7,5.1,17.1,3.0,18.5,3.8,N,N,16.0,3.9,11.0,2.0,14.6,3.2,N,N,6.0,3.0,12.8,2.7,21.3,4.8,N,N,2.7,2.0,3.8,1.3,6.9,2.5,N,N,0.0,1.1,4.0,1.6,6.7,2.6,N,N,0.9,1.1,47808,4436,74566,6210,81505,4733,25267,5084,64811,4576,88625,7474,N,N,36155,4584,26.8,(X),(X),(X),(X),(X),(X),(X),(X),(X),25.3,(X),(X),(X),(X),(X),(X),(X),(X),(X),(X),(X),27.5,(X)
0500000US41005,41005,"Clackamas County, Oregon",150382,1976,104013,3368,82632,3314,46369,3439,4.7,0.9,3.2,0.9,1.3,0.7,8.8,1.8,2.8,0.7,1.5,0.6,0.9,0.5,5.8,1.7,7.8,1.1,5.2,1.1,3.8,0.9,14.3,2.7,8.4,1.2,7.3,1.3,5.6,1.4,11.8,2.5,13.1,1.4,10.9,1.6,8.8,1.6,19.4,3.0,19.9,1.5,19.1,1.6,18.4,1.7,19.6,2.8,15.3,1.4,18.1,1.9,20.0,2.2,8.7,2.3,16.0,1.3,19.7,1.8,22.9,2.2,7.3,2.2,6.3,1.0,7.5,1.3,9.1,1.5,2.7,1.3,5.8,0.8,7.4,1.1,9.1,1.3,1.6,1.0,66758,2466,77915,2964,87983,4242,41778,2491,86591,3504,99756,4632,N,N,53345,3763,28.2,(X),(X),(X),(X),(X),(X),(X),(X),(X),28.9,(X),(X),(X),(X),(X),(X),(X),(X),(X),(X),(X),24.7,(X)
0500000US41017,41017,"Deschutes County, Oregon",65065,2582,40941,3029,N,N,24124,2119,9.3,2.3,6.1,2.0,N,N,17.1,5.3,5.5,1.6,3.2,1.8,N,N,10.1,4.2,13.5,2.4,12.3,3.5,N,N,16.4,4.2,11.3,2.4,9.7,2.8,N,N,12.5,3.6,13.5,2.4,14.1,3.0,N,N,11.4,4.8,17.5,2.5,19.7,3.4,N,N,14.9,3.6,11.9,2.5,14.1,2.8,N,N,8.2,4.2,11.2,1.8,12.9,2.6,N,N,5.7,2.6,2.7,1.3,3.5,2.0,N,N,1.2,1.2,3.6,1.5,4.3,1.9,N,N,2.5,2.4,46791,5216,58201,7022,68485,5711,27363,7281,65182,5693,74812,7843,N,N,45964,7772,29.2,(X),(X),(X),(X),(X),(X),(X),(X),(X),26.7,(X),(X),(X),(X),(X),(X),(X),(X),(X),(X),(X),31.9,(X)
0500000US41019,41019,"Douglas County, Oregon",43389,1506,28750,1778,N,N,14639,1850,6.8,2.2,4.0,2.0,N,N,13.3,4.6,8.1,2.4,7.1,3.2,N,N,11.6,4.0,14.5,3.3,10.1,3.8,N,N,22.4,6.3,14.2,2.3,13.5,3.2,N,N,17.2,4.8,15.4,2.7,15.7,3.4,N,N,11.9,4.5,20.5,3.1,21.7,3.5,N,N,19.7,5.9,10.4,2.2,13.4,2.8,N,N,2.6,1.9,7.4,1.8,11.0,2.7,N,N,0.7,1.2,0.8,0.8,1.0,1.1,N,N,0.0,1.1,1.9,1.3,2.6,2.0,N,N,0.4,0.7,40605,2587,49442,5132,61618,3380,26758,4888,53808,4961,62722,7020,N,N,34266,5880,34.5,(X),(X),(X),(X),(X),(X),(X),(X),(X),31.7,(X),(X),(X),(X),(X),(X),(X),(X),(X),(X),(X),38.9,(X)
0500000US41029,41029,"Jackson County, Oregon",82983,1561,53853,2535,40325,2920,29130,2472,9.6,1.8,7.0,2.5,2.1,1.3,16.7,3.6,5.7,1.3,3.0,1.5,1.4,1.1,11.7,2.9,12.2,1.8,10.5,2.6,6.5,2.3,17.1,3.5,13.7,1.8,11.8,2.4,11.9,2.7,14.4,3.6,15.6,1.9,16.4,2.6,16.5,3.1,15.5,3.6,19.2,2.2,21.5,3.0,24.9,3.6,13.7,3.3,9.5,1.8,11.9,2.5,13.9,2.9,4.3,1.6,10.3,1.9,13.4,2.7,16.8,3.5,3.7,1.7,2.7,0.9,3.0,1.2,4.1,1.6,1.9,1.6,1.5,0.5,1.6,0.7,2.0,0.9,1.1,0.8,43363,3149,51943,4130,61056,4674,26477,1422,57279,3377,64338,3940,N,N,40897,5795,28.5,(X),(X),(X),(X),(X),(X),(X),(X),(X),28.9,(X),(X),(X),(X),(X),(X),(X),(X),(X),(X),(X),26.9,(X)
0500000US41033,41033,"Josephine County, Oregon",34517,1287,21567,1808,N,N,12950,1538,9.2,2.6,5.9,3.2,N,N,15.7,5.2,9.2,2.5,5.8,3.1,N,N,16.1,5.3,15.5,3.6,10.0,3.5,N,N,22.8,7.3,11.7,3.3,11.6,4.6,N,N,12.9,5.6,16.2,2.8,19.2,3.8,N,N,12.2,4.5,16.0,3.5,21.4,4.9,N,N,11.3,5.3,10.2,2.8,12.1,3.1,N,N,2.1,1.7,8.0,2.2,9.6,3.0,N,N,4.4,2.6,1.3,0.9,0.6,0.7,N,N,1.8,1.7,2.7,1.5,3.9,2.3,N,N,0.7,1.1,38298,3368,46542,7110,54379,7492,21978,3847,58375,8913,70183,13550,N,N,34832,4881,29.0,(X),(X),(X),(X),(X),(X),(X),(X),(X),31.5,(X),(X),(X),(X),(X),(X),(X),(X),(X),(X),(X),22.7,(X)
0500000US41035,41035,"Klamath County, Oregon",25746,1411,17979,1612,N,N,7767,1094,7.0,2.4,3.1,1.7,N,N,16.3,6.9,9.5,2.8,6.5,2.7,N,N,16.4,6.7,14.9,3.8,9.9,3.5,N,N,26.3,8.2,15.2,3.6,14.8,4.4,N,N,20.6,7.3,16.2,3.6,17.5,4.2,N,N,12.1,6.3,15.9,3.6,19.6,4.7,N,N,5.5,3.6,8.6,2.6,10.8,3.5,N,N,1.9,1.9,8.4,2.2,11.8,3.2,N,N,0.4,0.7,3.4,1.1,4.6,1.6,N,N,0.6,0.8,1.0,0.8,1.4,1.2,N,N,0.0,2.1,36885,3491,47818,6290,56906,8014,19925,5369,52082,3844,62865,5447,N,N,25371,2932,23.3,(X),(X),(X),(X),(X),(X),(X),(X),(X),23.7,(X),(X),(X),(X),(X),(X),(X),(X),(X),(X),(X),20.1,(X)
0500000US41039,41039,"Lane County, Oregon",144166,2079,84801,2794,64030,2819,59365,2870,10.7,1.2,5.4,1.3,1.9,1.1,20.7,2.3,6.7,1.1,3.8,1.2,1.4,0.6,11.7,2.0,12.9,1.3,9.2,1.7,5.6,1.3,18.1,2.3,11.3,1.1,9.5,1.3,8.5,1.4,14.3,2.1,13.9,1.3,13.7,1.6,14.5,2.0,12.6,1.9,19.2,1.5,23.1,2.2,24.5,2.6,13.3,2.3,10.2,1.1,14.0,1.7,17.2,2.1,4.1,1.2,9.1,1.1,12.6,1.6,15.2,2.0,3.2,1.0,3.5,0.8,5.1,1.2,6.4,1.5,1.4,0.7,2.4,0.6,3.6,0.9,4.8,1.3,0.5,0.3,43459,2925,57398,3222,68206,2913,24699,1690,60051,2957,74742,5114,N,N,36217,2519,24.4,(X),(X),(X),(X),(X),(X),(X),(X),(X),24.4,(X),(X),(X),(X),(X),(X),(X),(X),(X),(X),(X),23.2,(X)
0500000US41043,41043,"Linn County, Oregon",43911,1448,29589,1774,N,N,14322,1406,7.8,2.1,5.1,2.0,N,N,15.6,4.8,6.4,1.8,4.3,2.3,N,N,12.2,3.9,12.4,2.3,10.6,2.6,N,N,17.8,5.7,12.8,2.8,11.1,3.3,N,N,15.0,5.5,15.4,2.6,16.8,3.0,N,N,12.6,5.2,21.3,3.3,23.0,4.1,N,N,16.5,5.1,13.4,2.4,16.3,3.3,N,N,5.4,3.1,7.7,1.7,9.9,2.4,N,N,2.7,1.6,1.8,1.0,1.9,1.1,N,N,2.1,2.1,0.8,0.6,1.0,0.7,N,N,0.1,0.1,45130,3551,52201,5167,65021,4322,26670,3955,53222,2799,59595,3635,N,N,36582,4483,28.9,(X),(X),(X),(X),(X),(X),(X),(X),(X),29.6,(X),(X),(X),(X),(X),(X),(X),(X),(X),(X),(X),26.0,(X)
0500000US41047,41047,"Marion County, Oregon",114077,2079,77502,2745,56781,2736,36575,2567,6.8,1.4,5.4,1.7,1.6,0.8,11.4,3.0,6.5,1.3,4.9,1.5,2.9,1.3,12.4,3.4,11.3,1.5,8.1,2.0,5.4,1.5,21.2,3.2,11.7,2.0,11.8,2.6,8.0,2.4,12.7,3.0,15.9,2.0,16.2,2.5,17.2,2.9,15.4,3.3,19.8,2.1,19.3,2.1,22.0,2.7,16.8,3.4,13.4,1.5,15.8,2.0,19.1,2.6,6.5,1.9,10.7,1.6,13.5,2.2,17.0,2.9,2.3,1.3,2.8,0.6,3.4,0.8,4.6,1.1,1.2,0.8,1.1,0.4,1.6,0.6,2.2,0.8,0.0,0.4,46873,2651,54080,3268,65255,3563,29828,3829,58105,2083,65168,2728,N,N,37339,2535,27.8,(X),(X),(X),(X),(X),(X),(X),(X),(X),27.4,(X),(X),(X),(X),(X),(X),(X),(X),(X),(X),(X),25.3,(X)
0500000US41051,41051,"Multnomah County, Oregon",309552,2902,167374,4313,119905,4067,142178,4376,8.7,0.9,5.3,0.9,2.1,0.6,13.9,1.5,5.0,0.7,3.0,0.8,1.5,0.6,8.0,1.3,9.7,0.8,7.3,1.2,4.8,1.0,12.6,1.1,9.9,0.9,8.0,1.3,6.0,1.3,12.7,1.3,13.7,1.2,13.1,1.5,11.3,1.6,14.8,1.6,16.7,1.0,17.3,1.2,16.6,1.4,15.7,1.6,13.4,1.0,15.7,1.3,18.0,1.7,9.5,1.4,13.0,0.8,16.7,1.2,21.1,1.6,7.9,1.1,4.4,0.5,5.8,0.7,7.8,1.0,2.0,0.5,5.6,0.6,7.8,0.9,10.8,1.2,2.9,0.8,54024,2080,68828,3849,85657,2540,36813,1121,75411,2029,91026,2808,109407,3666,54132,2767,23.7,(X),(X),(X),(X),(X),(X),(X),(X),(X),23.6,(X),(X),(X),(X),(X),(X),(X),(X),(X),(X),(X),22.3,(X)
0500000US41053,41053,"Polk County, Oregon",28097,1023,18810,1482,N,N,9287,1412,10.1,3.0,7.6,3.5,N,N,15.7,7.8,4.5,2.0,0.9,0.8,N,N,12.0,5.5,9.7,2.9,7.9,3.3,N,N,14.6,5.8,12.2,2.7,7.5,2.9,N,N,20.2,6.5,13.6,4.0,15.6,5.5,N,N,10.7,4.4,20.9,4.2,23.1,5.5,N,N,16.2,7.0,10.6,2.8,12.1,4.0,N,N,6.4,4.4,13.4,3.1,18.9,4.7,N,N,3.0,3.0,2.5,1.2,2.8,1.6,N,N,1.2,1.4,2.4,1.5,3.7,2.1,N,N,0.0,1.8,49781,5422,58759,7734,66121,7308,27302,6781,61865,5028,73461,7229,N,N,36770,5415,20.5,(X),(X),(X),(X),(X),(X),(X),(X),(X),19.1,(X),(X),(X),(X),(X),(X),(X),(X),(X),(X),(X),21.9,(X)
0500000US41059,41059,"Umatilla County, Oregon",26943,887,18838,1384,N,N,8105,1292,8.2,2.6,6.1,2.6,N,N,14.8,6.9,6.2,2.3,4.8,2.9,N,N,11.0,5.2,10.3,3.2,9.1,3.7,N,N,19.0,6.6,11.9,3.4,8.9,3.3,N,N,18.2,6.8,15.0,3.8,14.1,4.2,N,N,12.8,6.1,22.5,3.9,23.1,5.0,N,N,17.1,6.2,12.0,3.0,15.9,4.2,N,N,4.9,3.2,11.8,2.8,15.2,3.5,N,N,2.3,2.2,1.2,0.8,1.7,1.2,N,N,0.0,2.0,0.9,0.6,1.0,0.7,N,N,0.0,2.0,48514,4000,56818,6165,62178,5466,30891,5830,55792,3262,63342,4403,N,N,33840,3285,37.8,(X),(X),(X),(X),(X),(X),(X),(X),(X),37.1,(X),(X),(X),(X),(X),(X),(X),(X),(X),(X),(X),33.3,(X)
0500000US41067,41067,"Washington County, Oregon",203665,2309,134554,3588,105512,3454,69111,3149,4.4,0.8,2.8,0.9,0.8,0.5,8.9,2.0,4.2,0.8,2.9,0.9,1.8,0.8,7.0,1.8,8.8,1.1,6.0,1.1,4.2,1.0,14.5,2.5,8.9,1.0,7.6,1.0,6.0,1.2,11.6,1.9,13.7,1.3,12.5,1.6,11.1,1.4,16.2,2.3,17.5,1.2,17.8,1.5,18.2,1.7,16.7,2.7,14.1,1.2,16.6,1.5,17.9,1.6,9.8,1.9,17.3,1.2,20.5,1.6,23.8,1.8,9.7,1.6,5.9,0.8,6.9,1.0,8.3,1.3,3.3,1.1,5.1,0.7,6.4,0.9,7.9,1.1,2.3,0.8,63238,2919,75736,2899,86874,2142,41418,3044,79158,2390,89884,3164,100486,3904,55430,3431,20.1,(X),(X),(X),(X),(X),(X),(X),(X),(X),20.0,(X),(X),(X),(X),(X),(X),(X),(X),(X),(X),(X),18.4,(X)
0500000US41071,41071,"Yamhill County, Oregon",35454,1066,26062,1584,N,N,9392,1502,5.5,2.1,3.8,2.3,N,N,12.2,5.4,4.0,1.6,1.9,1.5,N,N,9.5,4.3,11.7,2.5,10.8,2.9,N,N,17.3,6.2,10.1,2.5,11.8,3.2,N,N,7.4,4.1,12.2,2.8,11.1,3.4,N,N,16.1,5.8,23.3,3.8,24.4,4.3,N,N,17.4,5.8,13.0,3.0,14.4,3.7,N,N,8.2,5.2,13.8,2.5,15.0,3.3,N,N,7.4,4.5,2.9,1.6,3.1,1.9,N,N,2.5,3.0,3.3,1.4,3.8,1.8,N,N,2.0,2.0,58612,2940,60699,3123,66380,5731,37268,4589,71879,9001,77309,11903,N,N,52052,8703,21.6,(X),(X),(X),(X),(X),(X),(X),(X),(X),20.3,(X),(X),(X),(X),(X),(X),(X),(X),(X),(X),(X),23.7,(X)
0500000US42001,42001,"Adams County, Pennsylvania",37242,1172,27446,1288,22433,1270,9796,1046,2.8,1.0,3.5,1.8,1.2,1.0,5.4,2.6,2.6,1.0,1.3,0.7,1.1,0.7,6.5,3.1,10.4,1.9,6.3,2.0,4.2,1.9,22.9,5.0,10.2,2.1,8.3,2.3,6.8,2.3,16.5,5.4,14.8,2.3,15.0,2.8,15.2,3.2,16.5,4.5,23.1,2.7,22.9,3.2,23.5,3.4,19.4,5.6,14.6,2.0,16.7,2.7,17.5,2.8,5.9,2.7,14.4,2.3,17.5,2.8,20.6,3.3,4.6,2.3,3.8,1.3,4.6,1.6,5.3,1.9,1.3,1.7,3.2,1.0,3.9,1.4,4.6,1.6,1.0,1.2,59029,3276,66761,3534,72078,4209,34237,4601,73000,3684,80160,4683,N,N,47002,6983,26.2,(X),(X),(X),(X),(X),(X),(X),(X),(X),26.0,(X),(X),(X),(X),(X),(X),(X),(X),(X),(X),(X),25.8,(X)
0500000US42003,42003,"Allegheny County, Pennsylvania",530213,5036,302264,6063,220847,5422,227949,5552,7.8,0.6,4.6,0.7,1.4,0.4,12.9,1.1,6.1,0.5,2.9,0.5,1.1,0.4,10.5,1.1,10.8,0.6,6.4,0.7,3.4,0.5,17.2,1.1,10.8,0.6,8.4,0.7,6.4,0.8,14.1,1.2,12.8,0.7,11.5,0.8,9.6,0.8,14.5,1.0,17.4,0.8,17.9,1.0,18.7,1.2,16.3,1.2,12.5,0.7,16.1,0.9,18.2,1.1,7.3,0.9,12.4,0.5,17.7,0.9,22.1,1.0,4.8,0.5,4.8,0.4,7.3,0.7,9.5,0.9,1.3,0.4,4.7,0.4,7.2,0.6,9.6,0.8,1.1,0.3,51424,735,72237,1644,87273,2084,31419,872,72362,1385,92973,1901,110218,2708,43291,1516,26.7,(X),(X),(X),(X),(X),(X),(X),(X),(X),27.3,(X),(X),(X),(X),(X),(X),(X),(X),(X),(X),(X),25.0,(X)
0500000US42005,42005,"Armstrong County, Pennsylvania",28289,874,18533,1121,13642,1033,9756,993,6.4,1.7,4.0,1.4,1.2,0.7,13.6,4.0,7.3,1.8,2.8,1.5,1.2,1.1,15.3,3.8,14.8,2.4,8.9,2.2,7.1,2.0,26.8,5.1,13.1,2.7,13.4,2.9,12.3,3.4,14.7,4.4,14.8,2.4,15.0,2.7,15.8,2.9,12.7,3.8,19.0,2.7,24.3,4.0,23.8,3.9,8.2,2.4,11.2,1.8,12.8,2.2,15.9,2.9,7.1,3.9,9.7,2.0,13.4,2.9,16.0,3.4,1.0,1.2,2.7,1.1,4.1,1.7,4.9,2.0,0.0,1.2,1.0,0.6,1.3,0.9,1.6,1.2,0.5,0.6,43191,3230,54614,4602,61388,2929,21504,2581,56471,3286,66850,4165,73687,4647,33224,5142,34.6,(X),(X),(X),(X),(X),(X),(X),(X),(X),36.4,(X),(X),(X),(X),(X),(X),(X),(X),(X),(X),(X),28.6,(X)
0500000US42007,42007,"Beaver County, Pennsylvania",70865,1442,45519,1963,34206,1851,25346,1784,6.7,1.4,3.2,1.2,0.5,0.5,13.7,3.1,5.5,1.1,2.3,0.8,1.2,0.7,12.2,3.0,11.9,1.8,5.6,1.3,3.7,1.3,23.7,4.1,11.8,1.6,10.2,1.5,6.8,1.5,14.8,3.1,14.1,1.9,14.9,2.2,14.4,2.5,12.8,3.1,18.0,1.8,20.2,2.2,20.8,2.8,13.5,3.1,14.2,1.8,18.1,2.8,20.6,3.4,6.5,2.7,12.2,1.4,17.4,2.0,22.0,2.5,2.3,1.1,3.6,0.9,5.5,1.4,6.6,1.7,0.0,0.1,1.9,0.6,2.7,0.9,3.4,1.1,0.5,0.6,49937,2986,66176,3304,79670,5820,25259,2998,64102,3146,78597,3918,N,N,36351,5106,31.2,(X),(X),(X),(X),(X),(X),(X),(X),(X),31.6,(X),(X),(X),(X),(X),(X),(X),(X),(X),(X),(X),29.7,(X)
0500000US42011,42011,"Berks County, Pennsylvania",153271,1862,104387,2898,78953,2785,48884,2814,6.4,1.1,4.9,1.2,1.2,0.7,11.3,2.3,4.8,0.7,3.2,0.7,0.8,0.4,9.3,1.8,11.3,1.2,7.1,1.2,4.5,1.1,21.2,3.1,9.3,1.0,7.5,1.1,6.5,1.1,13.6,2.2,13.1,1.0,13.3,1.3,11.4,1.2,12.6,2.0,18.5,1.4,18.9,1.8,21.4,2.1,16.1,2.1,13.3,1.3,15.5,1.7,18.3,2.0,7.9,2.0,15.4,1.2,19.4,1.6,23.8,2.1,5.2,1.6,4.1,0.8,5.3,1.0,6.7,1.3,1.2,0.8,3.8,0.7,4.8,1.1,5.6,1.2,1.6,0.7,56043,2243,69156,2831,79762,2978,30972,1606,71525,1965,82730,3318,95259,3974,43889,3177,31.0,(X),(X),(X),(X),(X),(X),(X),(X),(X),29.9,(X),(X),(X),(X),(X),(X),(X),(X),(X),(X),(X),31.6,(X)
0500000US42013,42013,"Blair County, Pennsylvania",51284,1271,33220,1639,25545,1427,18064,1578,8.1,2.0,4.1,1.6,1.7,1.0,17.5,4.5,6.8,1.6,3.7,1.4,1.1,0.9,12.7,3.7,13.0,2.0,8.9,2.2,6.9,2.1,21.7,4.1,13.5,2.0,11.0,2.2,10.0,2.1,16.9,4.3,14.5,1.9,16.3,2.8,16.2,2.8,11.2,2.6,17.1,2.8,20.5,3.2,22.7,3.8,10.9,4.1,13.3,1.9,16.9,2.6,19.0,3.2,6.5,3.2,8.9,1.6,12.1,2.5,14.2,2.7,1.5,1.6,2.2,0.9,2.9,1.2,3.8,1.5,0.1,0.2,2.6,0.9,3.5,1.2,4.5,1.6,1.0,1.0,42164,3453,56111,3825,64955,4712,23979,2825,56985,2837,68757,3751,N,N,32426,3846,34.6,(X),(X),(X),(X),(X),(X),(X),(X),(X),34.1,(X),(X),(X),(X),(X),(X),(X),(X),(X),(X),(X),33.4,(X)
0500000US42017,42017,"Bucks County, Pennsylvania",231765,2009,165053,3723,132559,4185,66712,3094,3.2,0.5,1.7,0.5,0.6,0.2,7.4,1.5,3.2,0.5,1.1,0.4,0.6,0.3,8.4,1.7,7.6,1.0,4.1,0.9,2.2,0.7,16.5,2.3,7.8,0.9,6.0,0.9,4.7,0.9,12.4,1.9,11.9,1.1,10.5,1.1,9.5,1.2,15.4,2.2,17.3,1.1,17.1,1.4,15.3,1.4,18.2,2.1,13.6,1.1,15.2,1.3,16.0,1.5,9.4,1.7,18.6,1.1,22.9,1.4,25.5,1.6,7.8,1.6,7.8,0.7,9.9,1.0,11.7,1.2,2.1,0.8,9.1,0.8,11.6,1.0,13.9,1.2,2.4,1.0,73594,2419,91073,2498,101317,2258,40168,2972,98484,2922,114460,3451,127138,4114,55879,4065,30.5,(X),(X),(X),(X),(X),(X),(X),(X),(X),31.5,(X),(X),(X),(X),(X),(X),(X),(X),(X),(X),(X),27.4,(X)
0500000US42019,42019,"Butler County, Pennsylvania",73955,1475,50291,1857,41135,1690,23664,1640,5.9,1.4,2.3,0.9,0.6,0.4,14.9,3.9,4.3,1.0,1.8,0.7,0.8,0.5,8.7,2.3,11.0,1.5,5.5,1.4,3.6,1.3,24.2,3.6,8.7,1.2,7.4,1.4,6.4,1.5,11.3,2.5,11.5,1.4,11.2,1.6,10.0,1.6,11.3,3.0,20.0,2.0,21.6,2.2,21.3,2.5,16.1,4.1,12.4,1.4,15.6,1.9,17.7,2.3,5.0,1.9,14.7,1.6,19.3,2.3,21.6,2.8,4.8,2.0,6.2,1.0,8.3,1.6,9.7,1.8,1.4,1.0,5.4,1.2,6.9,1.6,8.3,2.0,2.2,1.7,58233,2840,75292,4492,84910,3291,26618,3163,78923,3863,95980,5020,106347,6117,41754,4454,27.0,(X),(X),(X),(X),(X),(X),(X),(X),(X),27.5,(X),(X),(X),(X),(X),(X),(X),(X),(X),(X),(X),25.2,(X)
0500000US42021,42021,"Cambria County, Pennsylvania",57407,1375,36182,1719,27287,1644,21225,1498,10.6,1.8,3.8,1.0,1.1,0.7,23.3,3.9,6.1,1.2,2.3,0.9,0.9,0.5,12.9,2.6,14.0,1.8,9.3,1.9,6.3,1.8,22.5,3.3,12.7,1.7,13.3,2.3,10.7,1.9,12.1,2.5,13.4,1.5,15.3,2.1,15.6,2.4,9.8,2.0,18.5,2.2,22.4,2.9,24.3,3.3,10.6,2.7,12.5,2.0,16.7,2.7,20.2,3.3,5.4,2.4,8.6,1.4,12.2,1.9,15.2,2.5,2.3,1.6,2.5,0.9,3.8,1.3,4.7,1.7,0.0,0.1,0.9,0.5,0.9,0.5,1.1,0.6,1.0,0.8,41423,2522,54668,2717,64587,3493,20439,2273,53223,2782,63741,2662,N,N,33942,5429,29.6,(X),(X),(X),(X),(X),(X),(X),(X),(X),28.6,(X),(X),(X),(X),(X),(X),(X),(X),(X),(X),(X),30.0,(X)
0500000US42025,42025,"Carbon County, Pennsylvania",25658,1478,17925,1525,N,N,7733,1368,6.0,2.4,6.0,3.5,N,N,9.7,4.6,5.8,2.3,2.1,1.6,N,N,14.3,6.3,14.7,2.8,10.9,3.6,N,N,28.9,7.4,12.1,3.0,13.8,4.0,N,N,9.7,4.4,16.5,3.1,16.9,3.9,N,N,15.5,5.2,19.3,3.3,19.9,3.9,N,N,10.6,4.5,13.6,2.8,14.5,3.5,N,N,9.5,5.1,7.6,2.6,10.1,3.7,N,N,0.5,0.6,3.1,1.5,4.5,2.1,N,N,0.0,1.6,1.2,0.8,1.2,1.0,N,N,1.2,1.9,44017,2715,50168,3959,65349,8791,24177,4009,56953,4024,63938,5356,N,N,34683,4940,30.4,(X),(X),(X),(X),(X),(X),(X),(X),(X),33.1,(X),(X),(X),(X),(X),(X),(X),(X),(X),(X),(X),23.4,(X)
0500000US42027,42027,"Centre County, Pennsylvania",56729,1442,34211,1707,27457,1989,22518,1696,9.0,2.1,3.1,1.4,1.1,0.9,18.3,4.7,4.6,1.3,3.9,1.9,1.7,1.1,6.5,2.4,9.5,1.7,4.7,1.9,3.3,1.9,16.8,4.1,10.5,2.1,7.8,2.4,5.7,1.9,16.2,4.8,14.5,2.5,10.6,2.2,10.2,2.3,20.6,5.4,18.6,2.5,22.2,3.0,21.9,3.5,11.0,3.2,11.4,1.9,16.0,2.8,19.2,3.5,3.5,1.5,12.5,2.1,17.7,3.2,20.8,3.6,4.8,2.2,5.4,1.3,8.6,2.2,9.6,2.6,0.9,1.0,4.2,1.3,5.4,1.8,6.5,2.2,1.5,1.6,53207,4446,71732,4481,81813,4787,27544,3308,69025,3715,87833,6104,N,N,37854,3872,29.6,(X),(X),(X),(X),(X),(X),(X),(X),(X),26.7,(X),(X),(X),(X),(X),(X),(X),(X),(X),(X),(X),33.5,(X)
0500000US42029,42029,"Chester County, Pennsylvania",186430,1820,132245,3142,107952,3238,54185,2994,3.0,0.7,1.7,0.6,0.4,0.2,6.9,1.9,2.7,0.6,0.8,0.4,0.2,0.1,7.7,1.9,6.4,0.9,3.6,0.9,1.1,0.4,14.1,2.2,6.8,0.8,4.6,0.8,3.7,0.8,11.9,2.0,10.2,1.0,8.5,1.1,6.7,1.1,14.3,2.1,15.2,1.3,15.0,1.4,13.8,1.4,16.3,2.2,13.6,1.1,14.1,1.4,15.0,1.8,11.5,1.9,18.9,1.2,22.1,1.5,24.6,1.7,10.7,2.0,10.1,1.0,12.8,1.3,14.8,1.5,2.8,0.9,13.1,0.8,16.7,1.1,19.7,1.3,3.7,1.2,83633,3372,102236,3531,115964,4412,43682,4554,112453,3014,131451,3988,146204,4574,62654,4462,27.5,(X),(X),(X),(X),(X),(X),(X),(X),(X),27.0,(X),(X),(X),(X),(X),(X),(X),(X),(X),(X),(X),27.3,(X)
0500000US42033,42033,"Clearfield County, Pennsylvania",30922,1076,20066,1354,14883,1202,10856,1152,10.8,2.9,3.6,1.7,1.8,1.3,25.1,6.5,4.5,1.2,2.6,1.2,1.5,1.0,8.0,2.6,15.1,2.2,11.6,2.6,8.6,2.6,24.0,5.0,15.4,2.7,14.7,3.1,13.5,3.4,17.6,4.5,14.4,2.0,16.7,2.5,17.0,3.3,10.4,2.8,21.1,2.8,24.9,3.5,28.2,4.2,11.6,4.2,9.8,2.3,13.2,3.2,13.8,3.1,1.9,1.4,6.0,1.4,8.9,2.0,10.8,2.4,0.4,0.5,1.9,0.7,2.7,1.0,3.7,1.4,0.4,0.6,1.0,0.6,1.0,0.7,1.2,0.9,0.6,0.7,39236,3627,50575,2632,54887,4315,20634,2625,50500,3022,61128,3734,N,N,27628,3143,31.6,(X),(X),(X),(X),(X),(X),(X),(X),(X),31.8,(X),(X),(X),(X),(X),(X),(X),(X),(X),(X),(X),29.6,(X)
0500000US42037,42037,"Columbia County, Pennsylvania",26432,915,17208,1027,13170,992,9224,879,9.0,2.4,2.6,1.2,1.8,1.3,21.6,6.7,8.5,2.6,5.1,2.5,1.6,1.2,15.6,5.6,12.4,2.5,9.5,2.6,7.7,2.8,18.0,5.8,9.3,1.8,12.2,3.8,7.9,2.4,9.5,3.3,15.5,2.8,14.9,3.4,14.8,3.7,12.1,3.9,15.6,2.5,19.6,3.8,21.9,4.6,7.4,2.8,12.3,2.6,13.1,3.1,15.8,3.7,10.2,4.7,11.4,2.4,14.9,3.5,18.0,4.0,4.5,1.9,3.6,1.1,4.7,1.6,6.0,2.1,0.4,0.4,2.5,0.7,3.5,1.1,4.6,1.4,0.5,0.5,46530,3772,58030,5666,67361,4850,21107,4352,61904,4748,74951,6885,N,N,34694,4364,33.9,(X),(X),(X),(X),(X),(X),(X),(X),(X),33.2,(X),(X),(X),(X),(X),(X),(X),(X),(X),(X),(X),32.8,(X)
0500000US42039,42039,"Crawford County, Pennsylvania",33971,1228,22895,1181,18019,1011,11076,990,5.1,1.1,3.2,1.2,1.1,0.7,11.4,3.3,7.2,1.4,3.2,1.2,1.7,0.7,18.0,3.9,15.5,2.2,11.4,2.9,10.1,3.0,24.6,4.5,11.8,1.8,10.3,2.3,8.9,2.2,13.9,3.2,15.8,2.0,17.4,2.5,16.0,2.2,13.9,3.8,22.9,2.2,25.6,2.7,27.6,3.0,13.0,3.1,9.6,1.6,12.7,2.2,15.2,2.7,2.5,1.5,8.9,1.4,12.3,1.9,14.9,2.4,1.5,1.4,1.4,0.7,1.8,0.9,1.7,0.9,0.4,0.5,1.7,0.7,2.2,1.0,2.7,1.2,0.9,1.0,44575,2616,55050,3919,60833,2011,22339,2287,55395,2945,64527,4180,N,N,33366,4580,27.1,(X),(X),(X),(X),(X),(X),(X),(X),(X),27.3,(X),(X),(X),(X),(X),(X),(X),(X),(X),(X),(X),26.1,(X)
0500000US42041,42041,"Cumberland County, Pennsylvania",96667,1591,59919,2525,49278,2267,36748,2272,4.9,1.2,3.1,1.4,0.3,0.3,9.0,2.3,3.4,0.9,1.4,0.8,0.4,0.4,6.8,2.0,9.4,1.5,4.0,1.2,3.6,1.4,18.3,3.3,9.8,1.6,7.5,1.6,5.9,1.6,15.3,3.3,13.5,1.7,11.8,1.8,11.7,1.8,16.2,3.4,20.1,2.0,22.3,2.4,21.8,2.5,15.3,3.0,12.9,1.5,16.1,2.0,17.2,2.3,7.6,2.2,16.2,1.7,20.3,2.5,22.9,2.6,8.2,2.6,5.0,0.9,7.2,1.4,8.5,1.6,1.8,0.9,4.7,1.0,6.4,1.5,7.8,1.8,1.5,0.9,60088,2443,74999,4469,83904,4327,35464,3660,77133,3001,93340,4999,N,N,48096,3018,24.0,(X),(X),(X),(X),(X),(X),(X),(X),(X),22.7,(X),(X),(X),(X),(X),(X),(X),(X),(X),(X),(X),25.2,(X)
0500000US42043,42043,"Dauphin County, Pennsylvania",110215,2163,68708,2712,48902,2529,41507,2335,6.8,1.2,4.8,1.2,0.7,0.4,11.4,2.7,3.5,0.7,2.1,0.9,0.8,0.5,6.2,1.5,9.7,1.3,6.0,1.5,3.7,1.4,16.2,2.4,11.4,1.6,9.9,2.0,7.3,2.1,14.3,2.3,14.3,1.5,12.0,1.7,10.5,2.0,18.2,2.7,20.1,1.9,19.8,2.5,20.0,2.9,19.7,3.0,13.3,1.7,16.8,2.2,19.3,2.6,7.5,1.8,12.4,1.3,16.8,1.9,22.0,2.5,4.1,1.2,4.9,1.0,6.7,1.6,8.5,2.1,1.5,1.1,3.6,0.7,5.2,1.1,7.1,1.5,0.9,0.7,53816,2220,67660,3476,83205,3803,36788,2739,71208,3302,85328,4987,N,N,45181,3488,34.1,(X),(X),(X),(X),(X),(X),(X),(X),(X),36.2,(X),(X),(X),(X),(X),(X),(X),(X),(X),(X),(X),29.9,(X)
0500000US42045,42045,"Delaware County, Pennsylvania",199685,2633,133069,3262,95961,3244,66616,2890,5.7,0.8,3.1,0.7,0.7,0.2,12.1,2.1,4.5,0.8,2.6,0.7,1.1,0.5,8.7,1.6,8.7,0.9,5.4,1.0,2.9,0.8,14.9,1.9,9.4,1.1,7.9,1.3,6.1,1.4,12.8,2.0,11.0,1.0,8.9,1.1,7.6,1.3,14.9,2.0,17.6,1.1,18.0,1.3,15.8,1.4,18.1,2.3,12.2,1.1,13.4,1.6,15.0,1.9,8.9,1.6,16.0,1.1,20.3,1.5,24.9,1.9,6.0,1.4,7.2,0.7,9.9,1.1,12.4,1.4,1.6,0.5,7.7,0.9,10.4,1.2,13.4,1.5,2.0,0.8,64822,2699,82585,4775,101012,3406,36102,1998,90558,3417,108498,4515,127001,5867,52123,4226,31.9,(X),(X),(X),(X),(X),(X),(X),(X),(X),32.0,(X),(X),(X),(X),(X),(X),(X),(X),(X),(X),(X),30.9,(X)
0500000US42049,42049,"Erie County, Pennsylvania",110733,1530,70247,2548,50561,2736,40486,2239,8.8,1.3,6.0,1.5,1.4,0.7,16.1,2.3,6.5,1.2,3.4,1.0,1.6,0.7,12.0,2.7,12.6,1.3,8.0,1.3,5.0,1.0,21.8,3.0,11.6,1.5,10.1,1.8,9.3,1.9,14.3,2.5,16.8,1.8,16.1,1.8,14.6,2.2,16.9,3.0,17.5,1.5,21.0,1.9,22.2,2.3,10.2,2.2,11.3,1.2,15.0,1.6,18.9,2.2,4.4,1.5,10.0,1.2,13.4,1.7,17.6,2.2,3.0,1.4,2.6,0.8,3.7,1.1,5.1,1.4,0.6,0.7,2.3,0.6,3.3,0.9,4.3,1.2,0.6,0.5,44292,2013,56370,3043,70592,2446,25078,2251,59282,2959,71982,4453,85466,5293,34502,2745,29.6,(X),(X),(X),(X),(X),(X),(X),(X),(X),30.1,(X),(X),(X),(X),(X),(X),(X),(X),(X),(X),(X),27.7,(X)
0500000US42051,42051,"Fayette County, Pennsylvania",52557,1496,32998,1530,24403,1316,19559,1572,10.2,1.9,6.8,1.5,1.0,0.7,18.4,4.6,9.8,1.6,5.1,1.6,3.4,2.1,17.3,3.1,14.5,2.0,10.0,2.1,7.5,2.3,21.8,3.6,12.6,2.1,11.5,2.4,12.4,3.2,14.4,3.6,13.8,2.0,14.5,2.5,14.9,2.9,12.5,3.2,17.2,2.2,22.7,3.3,25.2,4.1,8.9,3.1,10.7,1.8,14.1,2.3,15.9,3.0,3.5,1.8,8.2,1.4,11.4,2.1,14.8,2.8,1.8,1.3,2.0,0.9,2.5,1.1,2.8,1.3,1.1,1.3,1.0,0.4,1.5,0.7,2.0,0.9,0.2,0.3,38903,3691,51304,2240,59685,5230,20192,2468,49967,2255,60990,2855,N,N,29645,2875,29.8,(X),(X),(X),(X),(X),(X),(X),(X),(X),29.7,(X),(X),(X),(X),(X),(X),(X),(X),(X),(X),(X),29.6,(X)
0500000US42055,42055,"Franklin County, Pennsylvania",59145,1251,38142,2030,N,N,21003,1966,5.2,1.7,3.7,1.8,N,N,8.9,3.4,3.2,1.1,1.3,1.0,N,N,6.6,2.6,11.1,2.1,7.4,2.3,N,N,19.5,4.7,8.9,1.6,7.4,2.3,N,N,12.9,3.5,16.1,2.4,15.8,2.9,N,N,17.2,4.3,21.6,2.6,20.4,3.1,N,N,22.0,4.8,14.9,2.1,17.5,2.8,N,N,7.5,2.9,14.1,2.4,19.4,3.3,N,N,4.4,2.4,2.8,0.9,4.2,1.4,N,N,0.2,0.3,2.1,0.9,2.8,1.3,N,N,0.8,0.7,54303,2616,68085,5103,79328,8284,35922,3192,67211,3455,78731,5138,N,N,43581,3670,27.4,(X),(X),(X),(X),(X),(X),(X),(X),(X),27.0,(X),(X),(X),(X),(X),(X),(X),(X),(X),(X),(X),26.0,(X)
0500000US42063,42063,"Indiana County, Pennsylvania",33516,1240,20959,1347,N,N,12557,1292,9.5,2.5,4.9,2.1,N,N,17.9,5.5,5.7,1.8,1.7,1.1,N,N,12.3,4.5,13.5,2.7,7.6,2.1,N,N,23.8,5.9,11.3,2.2,9.9,2.1,N,N,13.9,4.3,15.0,2.4,18.7,3.1,N,N,10.7,4.1,19.9,2.8,24.3,2.9,N,N,10.4,4.4,10.0,1.8,11.9,2.1,N,N,6.3,2.7,10.0,2.0,13.5,2.5,N,N,4.0,3.6,2.5,0.9,3.8,1.4,N,N,0.6,0.7,2.5,1.0,3.8,1.5,N,N,0.0,1.0,45266,2585,56617,3456,63588,2868,23450,2935,58112,3566,72384,4965,N,N,32347,4216,29.9,(X),(X),(X),(X),(X),(X),(X),(X),(X),30.1,(X),(X),(X),(X),(X),(X),(X),(X),(X),(X),(X),29.1,(X)
0500000US42069,42069,"Lackawanna County, Pennsylvania",83709,2003,50713,2392,37829,2067,32996,2309,8.1,1.4,4.0,1.1,1.4,0.7,15.1,3.1,7.6,1.4,3.6,1.2,2.3,1.0,13.6,3.0,12.6,1.9,9.1,1.9,5.7,1.7,19.1,3.5,11.2,1.5,9.1,1.8,7.6,2.0,16.6,3.2,15.7,2.0,15.2,2.3,14.1,2.5,15.3,3.3,19.0,1.6,23.0,2.3,25.0,2.9,11.7,2.5,10.2,1.2,13.3,1.8,15.4,2.2,4.8,1.6,10.5,1.3,15.7,2.1,19.9,2.6,2.0,0.9,2.7,0.7,3.9,1.0,4.7,1.3,0.9,0.7,2.3,0.7,3.1,0.9,3.9,1.2,0.8,0.5,45295,2190,58136,3703,68070,4020,25899,1626,59359,3238,72605,4045,N,N,36218,3961,34.2,(X),(X),(X),(X),(X),(X),(X),(X),(X),34.6,(X),(X),(X),(X),(X),(X),(X),(X),(X),(X),(X),33.0,(X)
0500000US42071,42071,"Lancaster County, Pennsylvania",194493,1933,136762,3325,113382,3583,57731,3048,4.7,0.8,3.0,0.8,1.5,0.6,9.2,1.9,4.8,0.7,2.3,0.6,1.3,0.5,10.9,2.2,8.3,1.0,4.7,0.8,3.2,0.8,18.5,2.8,11.0,1.1,9.3,1.1,7.4,1.1,16.6,2.5,14.5,1.2,13.0,1.1,12.3,1.4,17.4,2.8,21.6,1.3,23.8,1.6,23.6,1.7,16.8,2.1,14.4,1.1,17.4,1.4,19.6,1.4,5.2,1.4,13.2,1.2,16.7,1.5,19.5,1.7,3.5,1.2,4.0,0.7,5.4,1.0,6.3,1.1,0.5,0.4,3.6,0.6,4.4,0.8,5.3,0.9,1.4,0.7,56922,1819,67556,1890,75748,2697,31024,1469,71281,2102,82275,2541,90151,3048,42169,2985,33.1,(X),(X),(X),(X),(X),(X),(X),(X),(X),33.6,(X),(X),(X),(X),(X),(X),(X),(X),(X),(X),(X),30.7,(X)
0500000US42073,42073,"Lawrence County, Pennsylvania",36354,1049,23606,1314,17344,1077,12748,1226,8.3,2.3,4.2,2.0,1.0,0.8,18.3,4.7,6.0,1.6,2.8,1.2,1.4,1.0,11.9,3.8,14.1,1.7,8.7,2.1,6.7,2.3,22.9,3.8,12.9,2.0,12.7,2.4,9.1,2.2,12.8,3.9,15.0,2.5,15.3,3.1,16.6,3.7,14.1,3.6,17.9,2.8,22.0,3.7,22.2,3.6,10.6,3.5,13.0,2.0,17.9,2.6,21.5,3.2,4.4,3.6,8.7,2.2,10.5,2.4,13.5,3.0,4.4,2.8,2.1,0.8,3.2,1.3,4.3,1.8,0.0,1.0,2.0,0.9,2.7,1.1,3.6,1.6,0.6,1.1,43425,4057,56372,4092,65173,4152,23330,3054,56510,3407,68417,4648,N,N,33503,4634,37.1,(X),(X),(X),(X),(X),(X),(X),(X),(X),34.2,(X),(X),(X),(X),(X),(X),(X),(X),(X),(X),(X),40.9,(X)
0500000US42075,42075,"Lebanon County, Pennsylvania",51901,1166,36084,1735,27080,1705,15817,1662,5.0,1.5,3.8,2.0,1.8,1.2,9.9,3.3,3.6,1.0,2.4,1.3,1.2,0.9,7.4,2.5,9.8,1.9,4.4,1.6,1.5,0.9,22.3,5.1,9.9,2.1,8.2,2.3,7.4,2.5,13.9,3.8,15.1,1.9,14.8,2.6,13.6,2.6,17.4,3.7,24.1,2.8,27.5,3.4,26.8,3.9,19.3,4.8,13.5,1.8,15.9,2.6,18.2,2.8,5.7,2.3,12.9,1.9,15.3,2.2,20.0,2.8,2.0,1.3,3.0,0.9,3.9,1.3,4.9,1.6,1.1,0.7,3.1,1.2,3.8,1.7,4.7,2.3,1.1,1.2,55973,3091,63488,4918,73532,3516,30727,5094,68552,4121,77711,5513,N,N,41050,3824,41.7,(X),(X),(X),(X),(X),(X),(X),(X),(X),42.3,(X),(X),(X),(X),(X),(X),(X),(X),(X),(X),(X),40.2,(X)
0500000US42077,42077,"Lehigh County, Pennsylvania",133602,2091,87874,2994,64484,2557,45728,2845,7.0,1.2,5.7,1.6,2.2,1.2,11.7,2.6,5.6,1.1,3.8,1.3,2.0,1.0,9.5,2.0,9.7,1.1,5.8,1.4,3.9,1.3,16.9,2.7,9.2,1.1,7.0,1.3,4.9,1.0,13.9,2.5,14.5,1.5,14.2,1.9,12.8,2.3,15.8,2.9,19.8,1.6,20.7,1.7,20.6,1.9,16.8,2.6,12.5,1.3,14.9,1.5,16.9,1.9,6.6,1.7,12.3,1.2,15.5,1.8,20.1,2.3,5.5,1.7,5.2,0.9,6.6,1.2,8.8,1.6,2.2,1.2,4.2,0.7,5.8,0.9,7.8,1.2,1.0,1.2,54244,3578,65544,2600,80900,4636,32625,2958,72024,2559,84706,3531,100634,4021,44644,3377,31.6,(X),(X),(X),(X),(X),(X),(X),(X),(X),31.7,(X),(X),(X),(X),(X),(X),(X),(X),(X),(X),(X),29.3,(X)
0500000US42079,42079,"Luzerne County, Pennsylvania",128597,1924,82910,2671,57401,2831,45687,2188,8.0,1.0,5.5,1.2,1.1,0.5,13.7,2.1,7.1,0.9,3.6,0.8,1.8,0.7,13.4,1.9,14.3,1.3,8.6,1.2,6.5,1.4,24.8,2.9,10.5,1.1,10.4,1.4,8.0,1.5,12.2,1.8,13.7,1.2,14.0,1.4,14.6,1.8,14.1,2.4,20.0,1.6,23.3,2.2,24.1,2.4,12.5,2.2,10.9,1.2,13.4,1.7,16.2,2.3,4.8,1.2,9.9,1.0,13.3,1.5,17.1,1.9,3.3,1.2,2.9,0.6,4.2,0.9,5.6,1.3,0.6,0.5,2.6,0.7,3.7,1.1,5.0,1.6,0.5,0.4,45190,1992,58873,3027,69914,2535,23773,2009,59316,2446,71269,3639,84105,4772,35495,2594,32.7,(X),(X),(X),(X),(X),(X),(X),(X),(X),33.7,(X),(X),(X),(X),(X),(X),(X),(X),(X),(X),(X),30.1,(X)
0500000US42081,42081,"Lycoming County, Pennsylvania",44961,1426,29018,1392,22074,1215,15943,1401,6.4,1.4,4.7,1.9,1.6,0.9,9.6,2.6,7.9,2.2,3.3,1.5,1.7,1.0,16.5,5.1,11.9,2.1,6.6,2.0,3.9,1.2,23.9,4.9,11.3,2.3,10.6,2.3,10.1,2.5,10.6,3.0,14.5,1.9,15.9,2.4,13.8,2.3,13.5,3.7,21.0,2.2,25.6,3.0,28.7,3.5,12.0,3.6,13.5,2.0,15.5,2.5,17.7,2.9,9.2,3.4,9.0,1.5,11.8,2.2,15.2,2.8,2.9,1.5,2.1,0.7,3.2,1.1,3.8,1.4,0.0,0.8,2.5,0.9,2.8,1.2,3.4,1.5,1.8,1.4,47373,3113,56611,3027,64051,4792,25011,3108,60388,3670,70472,5536,N,N,40315,4371,23.0,(X),(X),(X),(X),(X),(X),(X),(X),(X),23.9,(X),(X),(X),(X),(X),(X),(X),(X),(X),(X),(X),20.5,(X)
0500000US42085,42085,"Mercer County, Pennsylvania",45590,1300,29166,1421,22527,1368,16424,1432,6.2,1.4,3.6,1.5,0.5,0.3,13.3,3.4,7.6,1.6,3.3,1.4,1.2,0.8,15.3,3.6,11.2,2.2,6.7,1.8,3.7,1.1,20.7,4.7,14.1,2.3,11.3,2.3,9.8,2.3,16.7,4.1,17.0,2.2,18.1,2.5,18.6,2.9,14.1,3.6,19.0,2.5,23.0,3.0,24.8,3.0,12.9,4.2,10.5,1.8,14.2,2.4,16.7,3.0,3.5,1.8,10.0,1.6,13.6,2.3,16.8,2.8,2.8,1.9,2.6,0.8,3.5,1.1,4.4,1.4,0.6,0.6,1.8,0.6,2.7,1.0,3.5,1.3,0.1,0.1,44222,2323,57450,3647,65539,4499,25254,1994,56697,2514,69220,3158,N,N,32451,2844,26.5,(X),(X),(X),(X),(X),(X),(X),(X),(X),26.1,(X),(X),(X),(X),(X),(X),(X),(X),(X),(X),(X),26.4,(X)
0500000US42089,42089,"Monroe County, Pennsylvania",58496,1995,43135,2528,33227,2677,15361,1986,3.4,1.2,2.2,1.2,1.0,1.0,8.2,3.2,5.4,1.7,3.7,1.7,1.4,1.3,14.3,4.9,10.1,2.4,7.6,2.3,5.2,2.3,15.7,5.0,12.2,2.3,11.2,2.4,8.1,2.2,15.6,5.4,13.5,2.9,13.1,3.0,13.6,3.3,13.3,6.0,21.5,3.3,21.4,3.5,23.3,4.1,19.5,6.1,10.3,2.2,11.8,2.8,12.7,3.1,5.7,3.0,14.2,2.5,17.2,3.0,19.9,3.4,6.1,3.7,6.7,2.1,8.6,2.6,10.9,3.2,0.7,0.8,2.7,1.1,3.2,1.4,3.9,1.9,1.1,1.1,55536,3153,62254,4480,70627,6086,31967,4842,69895,4056,77466,4761,N,N,43928,5251,34.1,(X),(X),(X),(X),(X),(X),(X),(X),(X),34.7,(X),(X),(X),(X),(X),(X),(X),(X),(X),(X),(X),31.2,(X)
0500000US42091,42091,"Montgomery County, Pennsylvania",305815,3071,205837,3563,166866,3749,99978,3575,3.9,0.5,2.1,0.5,1.0,0.3,8.4,1.5,3.5,0.5,1.2,0.4,0.7,0.2,8.4,1.3,7.3,0.7,3.9,0.7,2.3,0.5,14.4,1.5,7.2,0.6,5.1,0.7,3.8,0.6,12.0,1.3,10.3,0.8,8.4,0.8,6.6,0.9,15.1,1.9,16.7,1.0,15.6,1.1,14.1,1.0,18.6,2.0,12.9,0.9,14.0,1.2,13.9,1.3,10.1,1.5,18.2,1.0,22.9,1.4,26.0,1.7,8.1,1.1,8.9,0.7,11.2,0.9,13.0,1.1,3.4,0.8,11.1,0.8,15.5,1.0,18.6,1.2,1.6,0.4,76919,2405,99020,3379,111852,2632,42282,2337,107019,2893,130217,3581,145817,4093,56521,3100,27.6,(X),(X),(X),(X),(X),(X),(X),(X),(X),27.9,(X),(X),(X),(X),(X),(X),(X),(X),(X),(X),(X),26.0,(X)
0500000US42095,42095,"Northampton County, Pennsylvania",112096,1824,77298,2618,60378,2887,34798,2150,5.3,1.2,2.9,1.0,1.2,0.7,11.3,3.0,4.3,0.9,2.9,1.1,1.9,0.9,7.4,1.9,10.4,1.4,6.2,1.5,4.6,1.7,21.6,3.1,9.4,1.4,7.4,1.4,5.9,1.4,13.6,3.0,13.1,1.4,11.8,1.7,9.6,1.8,16.7,2.8,17.2,1.6,19.1,1.8,18.7,1.8,14.9,2.7,14.0,1.6,16.4,1.9,18.2,2.1,6.2,1.9,15.9,1.7,20.3,2.1,24.3,2.6,4.4,1.4,5.8,1.0,7.2,1.5,8.4,1.8,2.5,1.0,4.5,1.0,5.9,1.3,7.3,1.7,1.4,1.3,60482,3298,74737,3660,83463,3316,31429,3295,76040,2897,88959,3929,N,N,43676,3846,26.1,(X),(X),(X),(X),(X),(X),(X),(X),(X),26.3,(X),(X),(X),(X),(X),(X),(X),(X),(X),(X),(X),24.5,(X)
0500000US42097,42097,"Northumberland County, Pennsylvania",39428,1147,24599,1420,18559,1452,14829,1381,7.1,2.0,4.9,1.9,0.9,0.7,11.6,3.7,8.6,2.3,2.3,1.1,2.0,1.2,19.4,5.2,12.2,2.1,9.9,2.6,7.3,2.3,18.3,3.7,14.5,2.4,13.2,2.7,12.5,2.3,16.9,4.3,16.3,2.2,15.9,2.7,15.1,2.7,17.6,4.0,18.3,2.3,22.4,3.2,24.9,3.5,8.2,2.9,13.1,2.2,18.1,3.0,20.7,3.7,4.1,2.5,7.3,1.6,9.9,2.3,12.0,2.9,2.9,2.0,1.3,0.7,1.9,1.0,2.5,1.3,0.4,0.5,1.2,0.5,1.6,0.8,2.2,1.1,0.6,0.9,41011,2281,52582,2973,57606,4251,25349,3513,52241,2773,61950,3984,N,N,33894,4882,31.3,(X),(X),(X),(X),(X),(X),(X),(X),(X),31.8,(X),(X),(X),(X),(X),(X),(X),(X),(X),(X),(X),30.2,(X)
0500000US42101,42101,"Philadelphia County, Pennsylvania",582528,4670,295718,6210,153284,4769,286810,6036,15.4,0.9,9.2,0.9,3.0,0.7,22.8,1.4,7.5,0.6,6.1,0.8,3.5,0.8,9.2,0.9,13.4,0.7,12.0,0.9,7.6,1.1,15.1,1.0,11.2,0.6,11.6,0.9,8.5,1.0,10.9,1.0,14.9,0.9,16.2,1.2,14.1,1.4,13.4,1.2,15.1,0.9,15.6,1.4,17.9,1.6,14.1,1.0,9.0,0.5,11.1,0.8,15.4,1.3,6.7,0.8,8.6,0.6,11.4,1.1,18.5,1.7,4.9,0.6,2.6,0.3,3.6,0.5,5.9,0.9,1.6,0.4,2.4,0.3,3.1,0.4,5.6,0.8,1.5,0.4,36836,797,44584,1331,67552,2274,26967,1122,54615,1311,64323,1796,88260,3205,42636,2238,42.9,(X),(X),(X),(X),(X),(X),(X),(X),(X),44.1,(X),(X),(X),(X),(X),(X),(X),(X),(X),(X),(X),40.0,(X)
0500000US42107,42107,"Schuylkill County, Pennsylvania",58467,1571,36537,1605,27653,1520,21930,1700,6.7,1.5,4.0,1.3,1.4,0.6,13.0,3.1,8.1,1.5,2.9,1.0,1.0,0.7,17.2,3.4,13.2,1.8,8.0,1.6,6.2,1.6,23.0,3.9,14.6,1.9,12.9,2.3,11.0,2.3,16.6,3.2,14.0,1.9,14.6,2.0,13.9,2.5,12.8,3.4,18.1,1.7,21.9,2.3,24.2,2.9,10.3,2.8,12.2,1.8,16.9,2.5,18.9,3.1,4.4,2.0,9.7,1.3,14.1,2.0,17.4,2.6,1.5,1.1,1.5,0.6,2.0,1.0,2.7,1.3,0.3,0.3,2.0,0.8,2.6,1.2,3.4,1.6,1.0,0.8,41114,2749,57152,2791,67031,4618,23139,3021,55130,2667,67876,3294,N,N,31550,3005,34.1,(X),(X),(X),(X),(X),(X),(X),(X),(X),33.8,(X),(X),(X),(X),(X),(X),(X),(X),(X),(X),(X),33.3,(X)
0500000US42111,42111,"Somerset County, Pennsylvania",30066,931,21471,1049,17221,1116,8595,857,5.4,1.4,2.7,1.4,0.9,0.6,13.0,3.7,7.4,1.7,4.0,1.8,3.3,2.2,16.0,4.2,12.4,2.0,7.1,1.6,4.7,1.4,25.2,5.6,13.3,2.3,13.7,3.1,11.8,3.0,13.7,4.2,17.2,2.5,17.5,3.2,17.2,3.6,16.1,5.1,19.6,2.5,23.0,3.1,25.0,3.5,10.0,3.7,12.0,2.5,15.0,3.1,17.6,3.7,4.5,2.4,9.1,1.5,12.1,2.1,13.5,2.5,1.3,1.2,2.4,1.2,3.6,1.6,4.5,2.0,0.0,1.4,1.1,0.6,1.2,0.8,1.5,0.9,0.2,0.4,43429,2945,55695,3713,62178,4182,23651,1837,55886,3498,65405,4837,N,N,30903,2783,29.4,(X),(X),(X),(X),(X),(X),(X),(X),(X),28.5,(X),(X),(X),(X),(X),(X),(X),(X),(X),(X),(X),31.5,(X)
0500000US42125,42125,"Washington County, Pennsylvania",82956,1581,54514,2073,41879,1799,28442,1804,6.7,1.1,3.9,1.1,0.8,0.6,13.8,2.6,5.6,1.0,2.2,0.9,0.8,0.5,11.2,2.5,9.9,1.5,5.7,1.3,3.4,0.9,17.8,3.1,9.8,1.5,8.1,1.4,7.1,1.6,13.8,3.1,13.0,1.7,12.7,1.8,10.8,1.9,14.5,3.2,20.6,1.9,22.0,2.0,22.3,2.4,17.2,3.7,13.1,1.5,16.7,2.0,19.3,2.4,5.8,1.9,12.8,1.3,17.3,1.7,21.1,2.1,3.1,1.4,4.7,1.0,5.9,1.2,7.4,1.5,2.1,1.1,3.9,1.0,5.6,1.4,6.9,1.8,0.7,0.6,55124,1909,69946,2149,79597,2151,30559,1972,70843,3292,86042,4772,98479,6051,39697,2763,29.7,(X),(X),(X),(X),(X),(X),(X),(X),(X),30.2,(X),(X),(X),(X),(X),(X),(X),(X),(X),(X),(X),28.1,(X)
0500000US42129,42129,"Westmoreland County, Pennsylvania",149271,2350,98304,2705,79415,2566,50967,2373,6.8,1.0,3.2,0.8,1.1,0.5,14.4,2.4,5.2,0.9,2.0,0.7,1.0,0.5,11.7,2.1,11.7,1.1,6.5,1.0,4.1,0.9,22.9,2.5,11.0,1.1,9.0,1.4,8.2,1.4,14.2,2.1,13.7,1.1,13.2,1.4,12.3,1.6,14.8,2.1,19.4,1.4,22.9,1.7,23.3,2.0,11.9,1.9,12.0,1.1,15.1,1.7,16.9,1.9,5.8,1.4,13.3,1.2,18.1,1.5,21.2,1.7,3.3,1.2,3.8,0.7,5.4,1.0,6.4,1.2,0.5,0.5,3.3,0.7,4.6,1.0,5.6,1.2,0.5,0.5,51531,1498,66403,2631,75178,2982,25553,1494,67909,2505,83665,3765,93225,4430,35506,1863,30.6,(X),(X),(X),(X),(X),(X),(X),(X),(X),30.7,(X),(X),(X),(X),(X),(X),(X),(X),(X),(X),(X),30.2,(X)
0500000US42133,42133,"York County, Pennsylvania",164937,2004,113708,3240,87852,2591,51229,3381,4.9,0.7,3.3,0.9,0.8,0.4,9.9,1.8,3.8,0.7,2.5,0.7,1.2,0.5,7.8,1.6,10.4,1.2,6.9,1.3,3.8,1.1,18.4,2.6,10.1,1.1,7.8,1.2,6.4,1.1,16.2,2.3,14.2,1.3,13.1,1.6,11.0,1.5,16.6,2.5,21.2,1.5,22.2,1.9,24.1,2.2,17.9,2.4,14.0,1.4,16.4,1.7,18.8,2.1,7.0,1.8,13.1,1.3,16.8,1.7,20.3,2.1,4.2,1.4,4.8,0.8,6.4,1.1,8.0,1.4,1.1,0.5,3.4,0.6,4.5,0.9,5.7,1.1,0.9,0.5,57065,2028,68495,2267,78300,3465,32864,2463,71587,2807,83100,3843,95368,4795,42745,2329,26.0,(X),(X),(X),(X),(X),(X),(X),(X),(X),26.8,(X),(X),(X),(X),(X),(X),(X),(X),(X),(X),(X),22.6,(X)
0500000US44003,44003,"Kent County, Rhode Island",68798,1513,43423,2393,33558,2084,25375,2474,5.4,1.5,1.6,0.9,0.8,0.7,12.3,3.4,3.2,1.0,1.6,0.8,1.2,0.9,5.8,2.4,10.1,1.9,5.7,2.0,2.6,1.0,18.8,3.9,7.0,1.8,6.0,1.9,3.9,1.8,9.7,3.6,11.9,2.3,9.0,2.1,6.8,2.0,15.9,4.8,18.1,2.4,16.9,2.8,16.0,3.2,20.3,4.1,15.2,1.9,19.5,2.5,20.7,2.9,8.9,2.6,17.5,2.0,23.7,2.6,28.1,3.1,5.0,2.1,6.7,1.5,9.8,2.4,12.6,3.0,1.1,1.1,4.9,1.2,6.3,1.7,7.4,1.9,2.3,1.8,65631,5330,84612,6430,98415,3421,37151,4495,86430,7468,105727,11436,N,N,50518,7068,28.8,(X),(X),(X),(X),(X),(X),(X),(X),(X),28.3,(X),(X),(X),(X),(X),(X),(X),(X),(X),(X),(X),29.3,(X)
0500000US44005,44005,"Newport County, Rhode Island",34617,1533,21724,1444,N,N,12893,1527,6.6,2.1,4.2,2.2,N,N,10.6,4.3,3.1,1.6,3.1,2.7,N,N,6.6,3.7,6.5,1.8,3.7,2.1,N,N,11.3,3.6,8.0,2.4,6.0,1.9,N,N,8.3,4.1,12.2,3.0,11.7,3.5,N,N,13.4,5.2,18.3,3.3,16.2,4.3,N,N,21.5,5.6,12.2,2.9,12.9,3.6,N,N,10.7,4.2,16.5,3.3,20.1,4.2,N,N,10.8,4.7,8.6,2.1,11.8,3.1,N,N,2.9,2.4,8.0,2.0,10.3,2.7,N,N,4.0,2.8,70299,5692,83301,9882,98787,12345,49530,7246,97516,8567,116196,12983,N,N,64805,8966,33.3,(X),(X),(X),(X),(X),(X),(X),(X),(X),30.4,(X),(X),(X),(X),(X),(X),(X),(X),(X),(X),(X),35.1,(X)
0500000US44007,44007,"Providence County, Rhode Island",235598,3109,149801,4015,93780,4123,85797,4319,9.5,1.0,5.9,1.0,2.2,0.9,17.5,2.2,6.6,0.8,4.0,0.8,1.7,0.7,12.0,1.7,11.7,1.1,10.5,1.1,6.3,1.2,15.4,1.9,10.9,1.1,9.5,1.2,6.9,1.4,12.0,2.3,12.6,1.2,12.4,1.4,10.1,1.5,14.3,2.0,16.5,1.1,17.6,1.5,17.3,2.1,14.7,1.9,12.5,1.3,14.6,1.6,18.1,2.2,7.0,1.5,11.2,1.0,13.8,1.5,20.1,2.2,5.1,1.0,5.3,0.7,7.1,1.0,10.3,1.6,1.5,0.7,3.2,0.5,4.6,0.8,7.1,1.3,0.5,0.3,48159,2286,60357,3035,83143,2893,29058,2744,65517,2152,77757,3080,98489,4476,39513,1580,36.9,(X),(X),(X),(X),(X),(X),(X),(X),(X),37.4,(X),(X),(X),(X),(X),(X),(X),(X),(X),(X),(X),33.1,(X)
0500000US44009,44009,"Washington County, Rhode Island",49115,1693,32699,1975,N,N,16416,1968,4.5,2.0,1.4,1.1,N,N,10.5,5.3,3.3,1.2,1.0,0.9,N,N,8.6,3.6,7.2,1.9,5.2,1.8,N,N,11.8,3.8,8.2,2.3,5.4,2.3,N,N,13.6,5.1,13.3,2.7,11.3,3.3,N,N,17.6,5.5,16.7,2.7,18.2,3.4,N,N,13.6,4.1,13.2,2.6,14.7,3.1,N,N,10.0,3.7,17.4,2.5,21.9,3.7,N,N,7.6,3.9,8.7,1.9,11.2,2.6,N,N,3.4,2.1,7.6,1.6,9.7,2.1,N,N,3.3,3.0,70433,6213,86988,7692,101782,8908,41647,9866,92534,5725,108527,6267,N,N,58251,10181,27.9,(X),(X),(X),(X),(X),(X),(X),(X),(X),25.8,(X),(X),(X),(X),(X),(X),(X),(X),(X),(X),(X),31.9,(X)
0500000US45003,45003,"Aiken County, South Carolina",62984,2045,42207,2575,30072,2343,20777,2515,10.4,1.9,6.9,2.4,3.3,2.2,18.0,4.3,6.0,1.7,3.2,1.4,1.2,0.9,12.3,4.1,13.2,2.2,9.1,2.4,7.0,2.8,22.5,5.5,11.8,2.1,14.3,2.7,11.0,3.2,8.2,3.0,15.4,2.7,11.7,2.9,12.0,3.4,20.0,4.8,15.9,2.3,19.0,3.1,21.3,3.9,9.6,3.2,10.2,1.8,13.0,2.3,16.6,3.0,4.4,2.4,12.1,2.1,16.3,3.0,19.0,3.7,3.2,1.7,3.2,1.0,3.9,1.4,5.3,1.9,1.4,1.0,1.9,1.0,2.6,1.4,3.3,1.8,0.4,0.7,42259,3480,57814,6049,68366,3336,22552,4445,58226,4677,69795,6364,N,N,33631,3667,33.0,(X),(X),(X),(X),(X),(X),(X),(X),(X),35.2,(X),(X),(X),(X),(X),(X),(X),(X),(X),(X),(X),27.4,(X)
0500000US45007,45007,"Anderson County, South Carolina",75087,1598,55688,2187,41043,2639,19399,1880,8.5,1.5,5.8,1.7,1.4,1.0,16.9,4.3,6.6,1.5,3.8,1.6,1.3,1.0,15.1,3.9,13.9,1.9,9.9,2.0,7.2,2.0,26.3,5.3,12.9,2.3,11.9,2.7,10.1,2.5,15.8,4.4,16.4,1.9,18.7,2.3,19.5,2.6,10.1,3.0,17.5,2.4,20.1,3.3,22.9,3.8,9.5,2.8,11.3,1.7,13.6,2.0,16.6,2.4,4.6,2.9,8.5,1.4,10.4,1.8,13.1,2.4,1.8,1.3,2.5,0.9,3.3,1.2,4.2,1.6,0.0,0.9,1.9,0.7,2.6,0.9,3.5,1.2,0.0,0.9,41135,2067,50020,3025,61499,2121,21254,2110,54758,2602,63625,3183,74311,3971,27596,2500,31.3,(X),(X),(X),(X),(X),(X),(X),(X),(X),32.8,(X),(X),(X),(X),(X),(X),(X),(X),(X),(X),(X),26.0,(X)
0500000US45013,45013,"Beaufort County, South Carolina",65306,2579,43426,3255,N,N,21880,2334,5.5,1.5,2.6,1.4,N,N,11.8,3.4,4.0,1.5,3.5,1.8,N,N,5.1,2.9,9.1,2.3,7.5,2.4,N,N,12.8,4.1,12.2,2.4,11.5,3.0,N,N,14.0,3.7,13.2,2.4,11.7,2.6,N,N,17.0,5.3,18.5,2.9,19.5,3.0,N,N,16.8,5.1,12.8,2.0,14.4,2.7,N,N,8.4,3.2,14.5,2.4,17.3,3.3,N,N,7.6,3.6,4.5,1.4,4.3,1.2,N,N,4.9,3.4,5.7,1.4,7.6,2.0,N,N,1.6,0.9,57122,4787,65382,4747,77701,5995,41314,3414,79172,5132,90776,7309,N,N,53690,5652,33.6,(X),(X),(X),(X),(X),(X),(X),(X),(X),33.4,(X),(X),(X),(X),(X),(X),(X),(X),(X),(X),(X),32.6,(X)
0500000US45015,45015,"Berkeley County, South Carolina",67998,1497,47088,2052,34730,2360,20910,2027,7.6,1.4,4.6,1.5,0.9,0.7,15.3,3.9,4.2,1.3,3.6,1.4,2.8,1.5,7.1,2.9,9.9,1.6,8.7,1.7,5.1,1.8,13.0,4.0,12.3,1.8,12.0,2.3,9.4,2.2,12.6,3.7,15.5,2.1,12.8,2.4,12.0,2.8,20.3,4.3,18.2,2.5,20.7,3.1,22.8,3.9,14.1,4.0,13.4,1.9,15.0,2.5,17.4,3.1,7.3,2.6,12.5,1.9,15.1,2.4,19.9,3.3,6.7,2.9,3.1,1.1,3.5,1.2,4.2,1.5,2.4,2.3,3.2,0.9,4.1,1.1,5.5,1.6,1.3,1.4,50475,2905,59637,4369,71652,4998,36140,4019,66196,3312,72962,3851,N,N,49040,6049,37.2,(X),(X),(X),(X),(X),(X),(X),(X),(X),37.9,(X),(X),(X),(X),(X),(X),(X),(X),(X),(X),(X),33.4,(X)
0500000US45019,45019,"Charleston County, South Carolina",148013,2886,84482,3379,59508,3579,63531,3167,9.0,1.2,5.8,1.4,1.2,0.6,14.2,2.4,5.6,1.0,3.6,1.0,2.1,0.9,8.1,1.8,10.9,1.5,8.1,1.8,3.6,1.2,14.9,2.6,9.0,1.1,8.1,1.4,5.5,1.5,11.0,1.9,13.9,1.5,11.5,1.9,11.4,2.3,17.0,2.5,16.0,1.4,13.8,1.8,15.1,2.2,17.4,2.5,12.3,1.5,16.1,2.2,18.5,2.5,7.0,1.7,12.4,1.6,16.9,2.5,21.0,2.9,6.2,1.4,5.8,1.0,8.6,1.5,10.9,1.9,2.2,1.0,5.2,1.0,7.5,1.4,10.6,2.0,1.9,1.4,51694,2126,73112,6498,90306,4297,35990,1678,75291,3384,94305,5049,115509,6384,48732,3689,37.5,(X),(X),(X),(X),(X),(X),(X),(X),(X),38.6,(X),(X),(X),(X),(X),(X),(X),(X),(X),(X),(X),35.8,(X)
0500000US45031,45031,"Darlington County, South Carolina",26494,1043,18893,1432,N,N,7601,1358,14.6,3.2,11.9,4.2,N,N,21.3,6.6,10.6,3.3,7.3,3.7,N,N,19.3,7.5,11.3,2.6,10.8,3.1,N,N,13.5,5.5,16.7,3.6,17.4,4.7,N,N,13.5,5.3,12.6,3.2,14.2,4.4,N,N,11.2,5.2,17.5,3.9,19.0,4.8,N,N,11.5,5.2,9.2,2.8,9.9,3.4,N,N,7.3,5.1,4.4,2.2,5.3,2.8,N,N,2.0,2.6,0.7,0.6,0.9,0.8,N,N,0.0,2.2,2.5,1.2,3.3,1.7,N,N,0.4,0.7,31674,4326,39711,7950,54899,7863,22925,6289,47822,4709,52632,5303,N,N,35330,10930,36.9,(X),(X),(X),(X),(X),(X),(X),(X),(X),36.9,(X),(X),(X),(X),(X),(X),(X),(X),(X),(X),(X),34.4,(X)
0500000US45035,45035,"Dorchester County, South Carolina",51992,1384,36794,1834,N,N,15198,1809,8.0,2.4,3.9,2.0,N,N,17.8,6.1,2.8,1.1,2.0,1.2,N,N,7.5,3.4,11.0,2.5,9.3,3.0,N,N,16.4,3.9,10.4,2.4,9.5,2.8,N,N,13.9,5.3,13.6,2.9,12.8,3.2,N,N,14.8,5.5,20.3,2.9,20.1,3.5,N,N,16.4,5.4,14.4,2.5,18.2,2.8,N,N,6.3,3.8,13.3,2.2,16.1,2.8,N,N,5.9,3.2,3.9,1.5,5.1,1.9,N,N,0.5,0.8,2.4,1.1,3.1,1.4,N,N,0.5,0.8,54582,4895,65411,5133,80860,5354,31164,4355,65293,3532,74989,4577,N,N,39058,4929,40.4,(X),(X),(X),(X),(X),(X),(X),(X),(X),38.6,(X),(X),(X),(X),(X),(X),(X),(X),(X),(X),(X),43.0,(X)
0500000US45041,45041,"Florence County, South Carolina",51056,1738,34242,1916,22700,1843,16814,1442,9.1,1.6,6.6,2.0,2.5,1.8,16.4,4.1,6.9,1.8,4.6,1.6,1.0,0.9,12.7,4.1,14.4,2.6,10.9,3.0,6.0,2.7,21.6,4.9,13.3,2.3,10.9,2.5,8.7,2.5,17.2,4.8,15.3,2.6,13.9,2.6,13.9,3.4,16.2,4.7,16.5,2.5,22.0,3.5,25.2,4.5,5.0,2.2,13.4,2.3,16.8,3.1,22.6,4.4,6.4,3.7,7.5,1.6,9.3,2.0,12.8,2.8,3.6,2.7,1.3,0.6,1.8,0.9,2.7,1.4,0.3,0.4,2.4,1.0,3.3,1.5,4.7,2.2,0.6,0.7,41331,3250,52080,2245,62697,9334,24540,3658,56481,5196,66077,7478,N,N,35539,6894,37.2,(X),(X),(X),(X),(X),(X),(X),(X),(X),36.1,(X),(X),(X),(X),(X),(X),(X),(X),(X),(X),(X),38.0,(X)
0500000US45045,45045,"Greenville County, South Carolina",176116,2820,118495,3753,89084,3550,57621,3444,7.4,1.0,5.7,1.1,0.9,0.4,12.9,1.9,5.7,1.0,3.6,1.0,2.2,0.9,11.5,2.5,13.2,1.4,9.1,1.6,5.4,1.2,20.4,2.9,11.3,1.2,9.4,1.4,7.6,1.4,14.8,2.2,12.9,1.2,12.2,1.4,11.4,1.6,14.9,2.6,18.1,1.6,19.3,1.7,22.0,2.1,13.9,2.7,11.0,1.1,14.2,1.7,17.0,2.2,4.5,1.6,12.8,1.1,16.8,1.6,21.0,2.0,4.7,1.3,4.1,0.8,5.5,1.1,7.0,1.4,1.0,0.9,3.3,0.5,4.3,0.7,5.3,0.8,1.4,0.9,49330,1799,62355,2691,75453,3540,28901,2595,65575,1942,76579,2874,N,N,41071,3080,23.7,(X),(X),(X),(X),(X),(X),(X),(X),(X),24.1,(X),(X),(X),(X),(X),(X),(X),(X),(X),(X),(X),22.2,(X)
0500000US45047,45047,"Greenwood County, South Carolina",27598,1022,18924,1547,N,N,8674,1400,10.5,3.6,11.2,4.8,N,N,13.0,5.6,8.9,2.4,8.9,3.1,N,N,6.4,3.0,18.4,4.4,13.0,4.6,N,N,30.3,9.1,12.9,3.9,10.3,3.5,N,N,19.8,8.6,11.8,3.4,12.0,3.7,N,N,10.9,5.8,15.9,3.5,17.4,4.6,N,N,11.8,5.7,9.4,2.9,12.3,3.9,N,N,3.0,2.3,9.1,2.9,11.8,4.2,N,N,2.0,2.1,1.7,1.0,2.4,1.4,N,N,0.0,2.0,1.3,0.8,0.6,0.7,N,N,2.9,2.3,34029,4272,44340,8449,66405,5628,25119,4066,50409,4347,53738,4846,N,N,41474,10643,32.4,(X),(X),(X),(X),(X),(X),(X),(X),(X),33.5,(X),(X),(X),(X),(X),(X),(X),(X),(X),(X),(X),30.2,(X)
0500000US45051,45051,"Horry County, South Carolina",114103,3628,75820,2929,56884,2884,38283,2646,8.4,1.3,6.1,1.4,2.2,1.0,15.4,3.0,6.4,1.1,3.5,1.2,1.6,0.8,12.2,2.5,13.2,1.5,11.0,1.7,7.5,1.7,18.1,2.9,13.6,1.8,12.5,2.3,10.3,2.2,16.4,3.2,16.7,2.0,17.4,2.4,19.2,3.0,14.7,2.7,20.7,2.1,22.7,2.3,26.3,2.9,14.3,3.1,9.1,1.3,11.3,1.8,13.5,2.3,4.2,1.2,7.4,1.2,9.7,1.6,12.2,2.1,2.9,1.6,2.2,0.6,3.0,0.8,3.8,1.0,0.6,0.6,2.3,0.6,2.8,0.8,3.4,0.9,1.3,0.8,42075,1971,49639,1784,58367,3053,27159,2163,55629,2341,64249,3522,72962,3458,36290,2936,29.3,(X),(X),(X),(X),(X),(X),(X),(X),(X),29.3,(X),(X),(X),(X),(X),(X),(X),(X),(X),(X),(X),26.9,(X)
0500000US45057,45057,"Lancaster County, South Carolina",28400,1230,20387,1504,N,N,8013,1268,12.7,3.3,12.6,4.4,N,N,14.8,6.8,5.7,1.7,3.5,1.8,N,N,12.2,4.9,13.4,3.1,9.0,3.5,N,N,24.7,7.4,11.7,3.1,10.9,4.2,N,N,14.5,4.9,17.5,4.2,15.2,4.2,N,N,22.1,9.3,14.1,3.1,17.4,4.1,N,N,3.5,3.0,8.9,2.6,11.3,3.2,N,N,3.5,3.0,10.1,3.0,13.4,4.2,N,N,2.0,2.0,4.2,2.3,4.8,3.1,N,N,2.6,3.0,1.7,1.0,2.0,1.3,N,N,0.0,2.1,38500,3452,48679,5523,65543,6187,24484,3653,54613,4606,62506,5761,N,N,32075,5288,35.7,(X),(X),(X),(X),(X),(X),(X),(X),(X),37.2,(X),(X),(X),(X),(X),(X),(X),(X),(X),(X),(X),32.0,(X)
0500000US45059,45059,"Laurens County, South Carolina",25658,1019,18138,1334,N,N,7520,1334,10.1,2.6,5.8,2.5,N,N,21.8,7.7,6.1,2.3,3.6,1.7,N,N,13.0,6.6,20.3,3.9,18.2,4.8,N,N,23.7,7.1,13.0,3.3,11.7,3.6,N,N,18.0,6.6,13.2,2.7,16.2,3.7,N,N,6.7,3.5,19.0,3.4,23.9,4.5,N,N,8.0,4.0,9.8,2.6,12.5,3.1,N,N,2.6,2.4,6.4,2.2,6.1,2.2,N,N,5.5,4.9,1.4,1.1,1.6,1.5,N,N,0.0,2.3,0.8,0.8,0.4,0.7,N,N,0.7,1.1,35406,3778,43401,5188,57496,4869,19617,2621,46712,3955,51273,4429,N,N,30586,6218,31.9,(X),(X),(X),(X),(X),(X),(X),(X),(X),30.5,(X),(X),(X),(X),(X),(X),(X),(X),(X),(X),(X),32.9,(X)
0500000US45063,45063,"Lexington County, South Carolina",104608,2035,70869,2687,52943,2292,33739,2360,5.0,0.9,3.4,1.1,1.0,0.6,9.8,2.3,5.5,1.1,2.5,0.9,0.9,0.6,11.7,2.9,9.0,1.3,6.2,1.2,3.3,0.9,15.3,3.3,12.0,1.6,9.8,1.7,7.0,1.3,17.3,3.5,14.2,1.6,13.7,1.8,13.1,1.8,15.6,3.2,21.7,1.9,22.9,2.3,24.4,2.4,17.7,3.6,13.3,1.3,15.8,1.6,18.4,2.0,7.4,2.3,12.7,1.5,16.4,1.8,19.9,2.1,4.1,1.8,3.6,0.7,5.2,1.0,6.6,1.3,0.2,0.3,3.1,0.7,4.1,1.1,5.3,1.5,0.9,0.6,53990,2203,65477,2215,75311,3523,31987,2333,68661,2605,80688,3796,N,N,41349,2991,38.0,(X),(X),(X),(X),(X),(X),(X),(X),(X),36.6,(X),(X),(X),(X),(X),(X),(X),(X),(X),(X),(X),40.2,(X)
0500000US45073,45073,"Oconee County, South Carolina",29866,1728,20212,1748,N,N,9654,1128,7.9,2.6,5.5,3.0,N,N,14.1,5.8,8.8,2.5,1.9,1.3,N,N,24.9,7.0,12.8,3.3,12.8,4.2,N,N,13.9,5.3,13.4,3.3,14.1,4.4,N,N,12.7,4.7,17.3,3.1,15.9,3.9,N,N,18.3,6.3,18.0,3.6,21.8,4.3,N,N,7.7,4.3,9.0,2.6,11.9,3.9,N,N,2.3,1.8,8.0,2.4,9.8,3.4,N,N,4.3,2.8,2.8,1.2,3.5,1.7,N,N,1.4,1.6,1.9,1.1,2.5,1.6,N,N,0.5,0.8,40565,2912,49497,6308,60675,6483,21946,5815,53457,3955,61884,5789,N,N,33493,4079,24.0,(X),(X),(X),(X),(X),(X),(X),(X),(X),27.3,(X),(X),(X),(X),(X),(X),(X),(X),(X),(X),(X),17.0,(X)
0500000US45075,45075,"Orangeburg County, South Carolina",32915,1355,19668,1768,N,N,13247,1541,15.5,2.9,7.2,3.0,N,N,28.8,5.7,8.0,2.2,4.1,2.4,N,N,13.7,4.5,17.4,3.0,17.4,3.6,N,N,17.2,5.0,15.0,3.4,17.3,4.6,N,N,11.3,4.5,10.7,2.3,11.9,3.2,N,N,8.7,3.4,18.3,3.5,20.3,4.0,N,N,15.7,5.7,9.1,2.3,13.5,3.3,N,N,2.7,2.0,3.9,1.6,5.0,2.3,N,N,1.7,1.9,1.3,0.9,2.1,1.4,N,N,0.0,1.3,0.8,0.7,1.2,1.2,N,N,0.2,0.4,31230,2282,40341,6033,53872,4697,19110,2473,42071,2782,50759,3962,N,N,28213,3746,42.3,(X),(X),(X),(X),(X),(X),(X),(X),(X),43.4,(X),(X),(X),(X),(X),(X),(X),(X),(X),(X),(X),39.7,(X)
0500000US45077,45077,"Pickens County, South Carolina",43767,1576,25951,2015,N,N,17816,1673,11.0,2.6,4.7,2.3,N,N,21.5,5.3,5.7,1.5,0.8,0.7,N,N,12.1,3.2,13.6,2.8,8.3,2.5,N,N,21.9,5.5,13.2,2.4,13.2,3.3,N,N,14.2,3.8,15.0,2.7,16.5,3.6,N,N,11.9,4.3,15.6,3.0,19.0,4.2,N,N,10.4,3.4,12.3,2.1,18.9,3.4,N,N,3.4,1.9,10.0,2.3,13.9,3.1,N,N,2.6,1.7,1.9,1.0,2.2,1.1,N,N,1.6,2.0,1.6,0.9,2.5,1.4,N,N,0.4,0.7,41800,4092,58884,6405,66150,4430,21853,2703,56295,4918,69470,4907,N,N,35361,8501,27.9,(X),(X),(X),(X),(X),(X),(X),(X),(X),26.0,(X),(X),(X),(X),(X),(X),(X),(X),(X),(X),(X),30.1,(X)
0500000US45079,45079,"Richland County, South Carolina",145321,2572,87305,3453,57435,3358,58016,3153,10.6,1.3,7.3,1.4,1.3,0.5,16.6,2.4,4.1,0.7,3.0,0.8,1.8,0.8,6.4,1.5,10.6,1.2,8.7,1.7,4.6,1.6,13.7,1.9,11.7,1.3,9.5,1.6,5.4,1.4,15.8,2.3,14.7,1.5,13.0,1.9,11.9,2.4,16.3,2.2,19.3,2.1,18.1,2.7,20.1,3.3,20.0,2.7,11.8,1.6,15.7,2.5,20.3,3.4,5.5,1.6,11.4,1.4,16.5,2.2,22.4,3.1,3.8,1.0,3.0,0.7,4.2,1.1,6.2,1.7,1.3,0.5,2.7,0.7,4.0,1.0,5.9,1.6,0.7,0.4,47491,2671,62323,4058,80881,4450,33132,2292,62904,2794,76309,3867,N,N,41496,2777,40.6,(X),(X),(X),(X),(X),(X),(X),(X),(X),41.0,(X),(X),(X),(X),(X),(X),(X),(X),(X),(X),(X),39.2,(X)
0500000US45083,45083,"Spartanburg County, South Carolina",108045,2237,74954,3038,50081,3453,33091,2586,10.3,1.5,5.6,1.6,1.2,0.9,22.6,3.2,7.7,1.4,5.8,1.5,2.9,1.3,13.4,3.0,11.8,1.9,9.8,1.9,5.6,1.7,17.3,3.5,11.6,1.5,10.8,1.7,8.8,1.9,13.6,3.0,15.1,1.9,16.0,2.0,15.9,2.5,14.2,3.1,18.8,2.0,20.9,2.5,23.1,3.0,12.2,2.6,11.1,1.5,13.2,1.8,17.4,2.3,3.8,1.5,9.2,1.3,12.2,1.6,17.0,2.6,1.7,1.0,2.5,0.6,3.3,0.9,4.4,1.3,0.6,0.5,1.9,0.5,2.5,0.7,3.7,1.0,0.6,0.7,42103,2466,51569,2646,67634,3013,23113,2703,55651,2185,64810,2930,79098,4243,31510,3570,29.2,(X),(X),(X),(X),(X),(X),(X),(X),(X),31.7,(X),(X),(X),(X),(X),(X),(X),(X),(X),(X),(X),22.5,(X)
0500000US45085,45085,"Sumter County, South Carolina",39739,1367,26872,1771,N,N,12867,1508,10.9,2.5,6.1,2.3,N,N,21.8,6.2,6.3,1.9,4.3,2.1,N,N,13.0,4.8,14.7,3.2,11.8,3.9,N,N,21.5,6.6,11.1,2.2,10.4,2.5,N,N,14.3,4.8,16.8,2.9,17.4,3.8,N,N,13.1,5.4,18.1,3.7,21.3,4.7,N,N,10.0,5.0,10.3,2.2,14.4,3.0,N,N,1.7,1.2,8.1,2.1,10.4,2.8,N,N,3.4,3.0,2.3,1.4,2.6,1.8,N,N,0.0,1.3,1.3,0.7,1.3,0.8,N,N,1.2,1.3,39780,2773,49992,3921,61567,4629,23126,2416,52558,3855,59309,3805,N,N,34957,9009,41.8,(X),(X),(X),(X),(X),(X),(X),(X),(X),40.7,(X),(X),(X),(X),(X),(X),(X),(X),(X),(X),(X),41.9,(X)
0500000US45091,45091,"York County, South Carolina",87640,2134,63297,2238,47658,2686,24343,2254,6.8,1.5,4.3,1.6,2.1,1.2,14.3,4.0,5.6,1.3,2.5,1.1,1.5,0.7,14.0,3.6,8.8,1.5,6.1,1.9,3.0,1.3,16.5,2.8,12.0,1.8,10.5,1.9,8.1,1.9,16.0,4.2,12.2,1.7,12.2,1.9,10.2,1.7,12.7,3.8,18.9,2.2,21.1,3.2,21.6,3.6,12.8,3.2,13.0,1.9,14.6,2.4,17.8,3.0,6.9,2.6,14.3,1.7,18.0,2.2,22.4,2.7,5.1,2.4,5.1,1.0,6.7,1.4,8.6,1.9,1.0,0.7,3.2,0.9,3.9,1.1,4.7,1.4,0.8,0.7,54439,4013,66410,4327,78196,3535,28144,2343,69729,3470,80248,4316,N,N,39847,3731,34.9,(X),(X),(X),(X),(X),(X),(X),(X),(X),35.1,(X),(X),(X),(X),(X),(X),(X),(X),(X),(X),(X),33.5,(X)
0500000US46099,46099,"Minnehaha County, South Dakota",70929,1079,45217,2232,N,N,25712,2048,5.1,1.5,2.9,1.2,N,N,10.6,3.7,4.3,1.2,1.7,0.9,N,N,9.9,2.9,8.9,1.9,5.8,2.1,N,N,15.1,4.1,13.1,2.0,9.9,1.8,N,N,21.3,4.3,16.0,2.6,14.4,2.9,N,N,16.7,3.8,22.0,2.5,24.3,3.2,N,N,15.6,3.2,14.1,2.1,18.2,3.1,N,N,6.4,2.2,9.7,1.4,13.0,2.0,N,N,2.7,1.9,2.8,1.0,4.1,1.5,N,N,0.6,0.7,4.1,1.2,5.8,1.8,N,N,0.9,0.6,52117,2359,64788,3513,76733,3787,31356,1584,67457,3697,81714,5302,N,N,39413,3137,22.2,(X),(X),(X),(X),(X),(X),(X),(X),(X),22.7,(X),(X),(X),(X),(X),(X),(X),(X),(X),(X),(X),20.3,(X)
0500000US46103,46103,"Pennington County, South Dakota",41646,1383,26330,1756,N,N,15316,1628,6.5,1.8,4.3,2.2,N,N,11.8,3.9,6.1,2.0,4.0,2.4,N,N,11.6,4.0,9.6,2.1,8.1,2.8,N,N,13.5,4.4,13.3,2.8,11.5,3.6,N,N,14.3,4.4,16.2,2.8,13.2,3.0,N,N,21.1,5.8,19.0,3.2,23.6,3.9,N,N,13.4,5.2,12.3,2.4,15.2,3.5,N,N,4.6,2.8,10.8,2.5,12.5,3.4,N,N,5.9,3.3,3.4,1.5,3.7,1.7,N,N,2.8,2.3,2.8,1.1,3.9,1.6,N,N,1.0,1.2,48906,2454,62180,3851,71325,6555,33965,4637,63262,4229,72654,6022,N,N,43926,5064,26.2,(X),(X),(X),(X),(X),(X),(X),(X),(X),25.8,(X),(X),(X),(X),(X),(X),(X),(X),(X),(X),(X),26.0,(X)
0500000US47001,47001,"Anderson County, Tennessee",29503,1322,18252,1448,N,N,11251,1396,10.0,2.4,6.5,3.5,N,N,16.5,5.2,6.6,1.9,3.2,1.9,N,N,12.2,4.4,16.1,3.5,11.4,3.6,N,N,23.2,7.3,10.3,2.7,10.7,3.9,N,N,10.5,3.7,15.4,3.5,15.7,4.1,N,N,14.9,5.6,19.7,3.5,23.8,4.9,N,N,13.2,5.1,7.6,1.9,9.0,2.6,N,N,5.3,3.5,9.3,2.7,13.1,4.1,N,N,1.8,1.6,3.7,1.6,4.4,1.9,N,N,2.5,3.0,1.4,0.8,2.2,1.2,N,N,0.0,1.5,40907,3019,52160,4516,61149,6716,23147,4841,54219,3562,65320,5714,N,N,34885,4544,27.5,(X),(X),(X),(X),(X),(X),(X),(X),(X),24.6,(X),(X),(X),(X),(X),(X),(X),(X),(X),(X),(X),32.2,(X)
0500000US47009,47009,"Blount County, Tennessee",49650,1586,33013,1803,27167,1790,16637,1494,8.0,2.3,4.2,1.6,1.8,1.2,17.3,5.9,7.5,1.9,3.7,1.5,2.4,1.1,15.3,4.7,13.6,2.8,10.2,3.0,8.8,3.1,19.9,5.2,11.7,2.2,10.9,2.8,10.6,3.0,13.0,4.3,13.7,2.3,16.6,3.0,15.9,3.5,9.1,3.6,21.6,2.9,24.5,3.7,25.7,4.3,14.6,5.1,10.6,2.1,12.7,2.8,14.4,3.0,6.0,2.6,8.0,1.7,10.3,2.4,12.5,3.1,3.2,2.0,2.5,1.0,3.2,1.4,3.6,1.5,1.2,1.4,2.7,1.0,3.9,1.4,4.5,1.7,0.5,0.6,44351,3521,52955,4722,59873,3142,23324,4541,59025,4123,70219,5814,N,N,35327,4001,31.0,(X),(X),(X),(X),(X),(X),(X),(X),(X),30.3,(X),(X),(X),(X),(X),(X),(X),(X),(X),(X),(X),32.2,(X)
0500000US47011,47011,"Bradley County, Tennessee",38003,1463,26570,1632,N,N,11433,1613,9.9,2.6,6.4,2.4,N,N,18.2,6.5,6.4,2.0,5.4,2.3,N,N,10.5,4.1,13.7,3.2,10.7,3.4,N,N,21.1,6.3,11.8,2.2,11.4,2.9,N,N,12.6,4.5,15.0,3.1,15.1,3.7,N,N,14.5,6.4,17.5,3.4,18.4,4.1,N,N,13.5,5.5,12.8,3.0,16.0,4.2,N,N,8.0,4.9,9.0,2.4,11.1,3.6,N,N,1.6,1.7,2.5,1.7,3.3,2.3,N,N,0.0,1.5,1.6,0.9,2.1,1.3,N,N,0.0,1.5,42722,3788,50633,3497,62543,8422,25142,4096,55996,4141,63095,5143,N,N,33150,4055,34.3,(X),(X),(X),(X),(X),(X),(X),(X),(X),33.5,(X),(X),(X),(X),(X),(X),(X),(X),(X),(X),(X),34.3,(X)
0500000US47037,47037,"Davidson County, Tennessee",261571,3567,143076,4530,94956,4327,118495,4268,7.2,0.8,5.0,1.2,2.1,0.9,10.6,1.3,4.4,0.7,2.9,0.7,0.9,0.5,6.8,1.2,12.3,1.0,9.7,1.1,5.7,1.4,16.2,1.9,11.9,1.2,10.6,1.4,7.4,1.5,14.1,1.7,17.1,1.3,14.3,1.6,12.6,1.9,19.7,2.0,17.7,1.2,18.7,1.5,19.7,2.0,15.4,1.8,11.7,1.0,14.0,1.4,18.0,1.9,8.2,1.4,10.7,1.0,14.1,1.5,18.5,2.2,6.5,1.0,2.9,0.5,4.3,0.8,6.1,1.1,1.1,0.5,4.1,0.6,6.3,0.9,9.1,1.3,1.4,0.6,47150,1241,59324,3006,76641,2609,36072,975,67549,2155,83428,3536,103131,4718,46674,2101,30.0,(X),(X),(X),(X),(X),(X),(X),(X),(X),32.3,(X),(X),(X),(X),(X),(X),(X),(X),(X),(X),(X),25.9,(X)
0500000US47059,47059,"Greene County, Tennessee",27104,1396,17989,1589,N,N,9115,1435,7.3,2.1,3.8,2.0,N,N,14.7,5.3,7.5,2.5,5.1,2.6,N,N,12.3,4.6,17.9,3.7,12.7,3.4,N,N,31.1,8.8,14.9,3.4,14.5,4.5,N,N,16.3,6.4,19.0,3.7,18.5,4.1,N,N,16.2,7.4,16.8,3.5,21.8,4.9,N,N,7.0,3.8,8.1,2.5,12.2,3.7,N,N,0.8,0.8,6.9,2.3,9.2,3.4,N,N,1.6,2.1,1.4,1.0,2.1,1.6,N,N,0.0,1.8,0.1,0.1,0.1,0.2,N,N,0.0,1.8,35981,1834,45102,5061,50915,6339,21655,1364,45361,2699,54217,3837,N,N,26704,2729,26.5,(X),(X),(X),(X),(X),(X),(X),(X),(X),28.1,(X),(X),(X),(X),(X),(X),(X),(X),(X),(X),(X),20.9,(X)
0500000US47065,47065,"Hamilton County, Tennessee",136188,2647,91563,3193,66506,2744,44625,2823,8.3,0.9,5.4,1.1,1.2,0.7,16.3,2.1,5.5,1.1,3.5,1.0,1.6,0.8,10.6,2.8,12.4,1.3,9.8,1.6,7.1,1.6,19.5,3.2,10.0,1.3,7.3,1.2,6.4,1.3,14.6,3.0,15.4,2.0,15.3,2.1,13.8,2.1,15.0,3.0,18.2,1.8,19.8,2.4,21.6,2.8,13.4,3.0,11.7,1.5,14.2,1.9,17.2,2.5,5.2,1.6,10.8,1.4,14.3,2.0,17.7,2.3,4.0,1.5,3.6,0.8,4.6,1.2,5.9,1.6,0.9,0.7,4.1,0.8,5.8,1.1,7.6,1.4,0.7,0.4,47415,3063,60849,2576,72816,3725,26586,1755,67603,2960,80564,3921,94724,5104,38426,3426,28.5,(X),(X),(X),(X),(X),(X),(X),(X),(X),28.1,(X),(X),(X),(X),(X),(X),(X),(X),(X),(X),(X),27.3,(X)
0500000US47093,47093,"Knox County, Tennessee",180231,2534,111310,3141,85333,3117,68921,3522,9.0,1.2,4.9,1.0,1.3,0.6,16.3,2.5,5.2,0.8,3.1,0.9,1.2,0.4,8.9,1.5,11.2,1.1,7.7,1.3,6.0,1.2,18.0,2.7,11.5,1.4,8.1,1.4,7.2,1.4,16.3,2.5,13.8,1.2,12.4,1.6,10.3,1.3,15.9,2.4,17.8,1.3,20.5,1.8,21.6,2.0,12.9,1.9,11.6,1.3,15.2,1.8,17.5,2.0,5.2,1.6,11.8,1.1,15.6,1.4,19.3,1.8,5.5,1.6,3.7,0.6,5.5,0.9,6.8,1.1,0.7,0.4,4.4,0.8,6.9,1.3,8.9,1.6,0.5,0.3,49165,1923,65228,2907,78293,2366,29055,2623,69391,2384,88023,3952,102509,4546,38123,1879,24.4,(X),(X),(X),(X),(X),(X),(X),(X),(X),25.2,(X),(X),(X),(X),(X),(X),(X),(X),(X),(X),(X),22.4,(X)
0500000US47113,47113,"Madison County, Tennessee",35602,1528,23344,1638,16009,1742,12258,1571,12.3,2.5,7.5,2.3,1.6,1.5,21.4,5.8,6.9,2.0,4.3,2.0,1.9,1.3,12.3,4.8,12.3,2.5,7.1,2.1,3.6,1.9,21.5,6.2,12.2,2.5,12.3,3.0,11.3,3.7,13.0,6.1,14.9,3.9,16.1,5.2,14.2,5.9,12.8,5.1,17.2,3.1,18.5,4.1,19.8,4.6,13.9,4.9,11.0,2.6,15.3,3.9,21.0,5.4,2.9,2.0,7.2,2.3,10.6,3.4,14.8,4.5,0.8,1.3,2.2,1.2,3.2,1.8,4.7,2.7,0.2,0.3,3.8,1.3,5.1,1.9,7.1,2.8,1.2,1.2,39523,3024,53544,7232,73074,6344,22029,2856,61724,5964,76845,8805,N,N,32246,5889,34.5,(X),(X),(X),(X),(X),(X),(X),(X),(X),31.9,(X),(X),(X),(X),(X),(X),(X),(X),(X),(X),(X),36.6,(X)
0500000US47119,47119,"Maury County, Tennessee",32913,1131,22361,1296,N,N,10552,1375,4.1,1.6,4.1,2.2,N,N,6.7,3.6,5.1,1.9,2.3,1.4,N,N,11.1,4.7,16.2,3.4,11.6,3.6,N,N,25.7,7.9,11.1,2.7,5.6,2.3,N,N,21.0,7.7,17.1,3.8,17.8,4.5,N,N,15.6,5.3,20.4,3.9,25.5,5.2,N,N,11.2,4.9,11.5,2.9,14.9,3.6,N,N,3.8,2.7,10.2,2.3,12.1,3.3,N,N,4.9,4.4,2.2,0.9,3.0,1.4,N,N,0.0,1.6,2.1,0.9,3.1,1.4,N,N,0.0,1.6,45712,3797,56453,2662,63970,4542,27775,3290,57350,2983,66936,4328,N,N,34900,4312,38.7,(X),(X),(X),(X),(X),(X),(X),(X),(X),39.9,(X),(X),(X),(X),(X),(X),(X),(X),(X),(X),(X),35.2,(X)
0500000US47125,47125,"Montgomery County, Tennessee",66218,2122,48966,2222,36184,2383,17252,2032,8.2,2.0,8.7,2.4,0.9,0.9,10.2,4.1,4.3,1.3,2.6,1.0,1.1,0.7,9.2,3.5,8.7,1.5,6.5,1.6,5.4,1.8,16.5,4.5,11.5,1.9,10.3,2.1,10.2,2.8,14.9,4.2,16.0,2.2,15.1,2.4,14.2,2.8,16.7,4.3,26.0,2.5,27.5,3.1,31.5,3.8,21.7,6.0,11.5,1.8,12.8,2.3,15.8,3.1,6.4,3.2,10.3,2.0,12.8,2.6,16.2,3.6,2.8,2.2,2.2,0.9,2.3,0.9,2.9,1.2,0.6,1.1,1.3,0.7,1.4,0.8,1.9,1.0,1.0,1.0,51017,2110,56024,2540,63228,3410,34083,5618,60554,3724,63933,3774,N,N,46772,10071,33.4,(X),(X),(X),(X),(X),(X),(X),(X),(X),32.2,(X),(X),(X),(X),(X),(X),(X),(X),(X),(X),(X),33.1,(X)
0500000US47141,47141,"Putnam County, Tennessee",30254,936,19399,1252,N,N,10855,1248,17.0,3.7,12.1,4.1,N,N,29.7,7.7,8.3,2.8,6.4,2.4,N,N,14.1,6.0,16.2,3.8,11.2,3.5,N,N,19.5,6.5,12.4,2.9,14.6,4.2,N,N,8.7,3.3,11.4,3.6,11.2,4.1,N,N,14.2,7.5,14.5,3.1,15.9,4.1,N,N,9.4,4.1,8.3,2.3,11.9,3.5,N,N,2.1,1.7,6.5,2.0,9.2,2.9,N,N,1.1,1.3,2.9,1.3,4.4,2.0,N,N,0.4,0.6,2.4,1.5,3.2,1.8,N,N,0.9,1.7,31448,3802,41308,7204,60766,8311,17666,3731,63973,25416,63480,10395,N,N,N,N,41.7,(X),(X),(X),(X),(X),(X),(X),(X),(X),40.4,(X),(X),(X),(X),(X),(X),(X),(X),(X),(X),(X),39.1,(X)
0500000US47147,47147,"Robertson County, Tennessee",24309,906,17870,1141,N,N,6439,977,4.8,1.8,3.8,2.1,N,N,8.3,4.9,3.5,1.6,1.9,1.4,N,N,9.6,5.4,12.5,3.4,6.0,2.9,N,N,30.0,10.3,14.4,3.4,13.2,4.0,N,N,17.9,6.6,13.9,2.7,16.2,3.7,N,N,12.0,5.5,23.2,4.3,26.1,5.0,N,N,12.6,6.6,13.9,3.0,16.3,4.0,N,N,5.5,4.5,9.5,2.9,12.3,3.7,N,N,1.9,2.3,2.6,1.4,2.8,1.5,N,N,0.9,1.5,1.6,1.0,1.7,1.1,N,N,1.3,2.1,50510,3522,57540,3334,65381,6023,27592,6092,59147,3905,65970,4564,N,N,36058,6403,28.0,(X),(X),(X),(X),(X),(X),(X),(X),(X),24.5,(X),(X),(X),(X),(X),(X),(X),(X),(X),(X),(X),35.8,(X)
0500000US47149,47149,"Rutherford County, Tennessee",100942,1513,69833,2449,54003,3189,31109,2563,5.2,1.3,3.2,1.1,1.2,0.6,11.4,3.5,3.7,1.1,2.2,1.2,0.7,0.6,8.6,3.4,9.5,1.7,6.4,1.7,4.2,1.7,16.5,3.3,9.2,1.6,7.9,1.8,6.4,1.8,11.9,2.9,16.0,2.0,14.6,2.6,12.4,2.9,19.8,3.7,20.6,1.8,21.8,2.6,22.6,2.9,17.2,3.5,15.5,2.1,18.8,2.7,21.3,2.9,6.6,2.4,13.3,1.7,15.9,2.2,19.4,2.8,5.9,2.2,4.8,1.0,6.4,1.4,8.2,1.9,1.0,1.1,2.3,0.6,2.8,0.9,3.6,1.1,1.1,0.9,57174,4074,68247,4107,76763,2859,36203,3592,69687,3150,79395,4326,N,N,44722,3940,30.4,(X),(X),(X),(X),(X),(X),(X),(X),(X),30.4,(X),(X),(X),(X),(X),(X),(X),(X),(X),(X),(X),28.6,(X)
0500000US47155,47155,"Sevier County, Tennessee",36836,2098,26285,1819,N,N,10551,1696,6.6,2.2,2.5,1.6,N,N,17.7,6.3,7.5,2.4,4.3,2.2,N,N,15.5,6.0,14.0,3.1,11.8,3.5,N,N,22.5,7.4,14.7,3.6,16.1,4.0,N,N,14.2,5.7,14.6,3.5,15.0,4.3,N,N,12.9,5.7,22.0,3.6,24.7,4.5,N,N,11.3,5.6,6.2,2.0,7.3,2.6,N,N,1.8,1.7,11.4,3.3,14.6,4.5,N,N,3.5,3.8,1.6,0.9,2.3,1.3,N,N,0.0,1.6,1.2,0.7,1.4,0.8,N,N,0.7,1.1,40715,3332,50269,4994,54629,3150,20759,4152,52307,3607,59990,4320,N,N,30302,4597,32.9,(X),(X),(X),(X),(X),(X),(X),(X),(X),31.0,(X),(X),(X),(X),(X),(X),(X),(X),(X),(X),(X),36.3,(X)
0500000US47157,47157,"Shelby County, Tennessee",347320,4245,221119,5313,133442,4426,126201,4964,10.8,1.0,8.4,1.1,1.9,0.7,16.1,2.0,5.4,0.7,3.9,0.8,1.5,0.6,9.1,1.3,12.2,1.0,10.4,1.2,5.4,0.9,16.6,1.7,11.6,0.8,10.9,1.2,6.9,1.3,12.7,1.6,13.6,1.1,11.3,1.1,10.7,1.5,16.9,1.8,17.3,1.1,17.7,1.4,19.5,1.8,14.9,1.8,9.9,0.7,11.8,1.1,15.4,1.6,6.2,1.0,10.9,0.8,13.9,1.2,20.3,1.8,5.2,0.9,4.0,0.6,5.6,0.9,8.9,1.5,1.2,0.6,4.3,0.5,6.0,0.7,9.6,1.2,1.1,0.4,45226,1445,56408,2550,81276,4043,30686,1782,67435,1847,80721,2742,109232,4559,42010,2002,33.8,(X),(X),(X),(X),(X),(X),(X),(X),(X),35.3,(X),(X),(X),(X),(X),(X),(X),(X),(X),(X),(X),29.1,(X)
0500000US47163,47163,"Sullivan County, Tennessee",64876,1652,42928,2221,31064,2127,21948,1720,9.8,1.8,6.7,1.9,2.1,1.2,17.5,3.8,8.7,1.6,5.2,1.7,2.6,1.3,15.9,3.9,12.2,1.9,7.1,1.6,6.7,2.0,22.0,4.4,12.7,1.8,13.2,2.4,10.4,2.3,12.4,3.1,14.5,1.8,16.5,2.3,16.5,3.0,11.0,3.1,19.4,2.0,22.0,2.5,24.1,2.9,11.9,3.8,9.7,1.7,12.1,2.1,15.0,2.7,4.7,3.1,8.6,1.4,11.1,1.7,14.9,2.3,3.5,2.0,2.7,1.0,3.6,1.2,4.8,1.7,0.9,1.1,1.8,0.7,2.6,1.1,2.9,1.3,0.2,0.3,40148,2478,51204,2952,62064,4497,22710,2692,54800,2946,65245,4161,76166,4793,32879,3575,24.5,(X),(X),(X),(X),(X),(X),(X),(X),(X),24.6,(X),(X),(X),(X),(X),(X),(X),(X),(X),(X),(X),24.1,(X)
0500000US47165,47165,"Sumner County, Tennessee",62785,1354,46815,1902,34774,1985,15970,1548,3.7,1.1,3.3,1.1,1.2,0.8,7.0,3.1,4.9,1.5,3.2,1.5,2.1,1.5,9.1,3.4,10.8,2.1,7.2,2.1,3.2,1.3,22.3,5.8,8.3,1.5,6.4,1.7,5.4,1.8,14.8,3.9,16.7,2.0,16.4,2.5,13.2,2.9,19.2,4.7,21.2,2.6,21.2,2.9,21.4,2.9,17.9,5.5,13.4,2.0,15.8,2.4,20.1,2.9,5.6,2.8,12.6,2.1,15.5,2.6,20.3,3.3,3.1,2.1,4.4,1.1,5.8,1.5,6.1,1.5,0.6,0.6,4.1,1.2,5.4,1.6,7.0,2.2,0.5,0.6,55917,3144,64436,4109,78628,5637,32376,3859,72789,3997,82563,5064,N,N,41045,4179,30.2,(X),(X),(X),(X),(X),(X),(X),(X),(X),31.3,(X),(X),(X),(X),(X),(X),(X),(X),(X),(X),(X),25.3,(X)
0500000US47179,47179,"Washington County, Tennessee",51574,2016,32700,1998,N,N,18874,2223,8.1,1.6,2.6,1.5,N,N,18.2,4.5,8.8,1.9,5.9,2.4,N,N,14.0,4.4,13.7,2.4,10.5,2.7,N,N,19.2,4.3,11.7,2.3,11.8,2.8,N,N,12.7,4.0,17.7,3.2,16.9,3.8,N,N,18.7,6.2,18.1,2.6,23.5,3.5,N,N,6.8,3.1,7.4,2.2,9.2,2.9,N,N,4.2,3.0,9.3,2.1,12.2,3.1,N,N,4.2,2.6,3.1,1.4,4.2,2.0,N,N,1.3,1.9,2.3,0.9,3.2,1.3,N,N,0.7,0.9,41349,1424,51369,2537,58662,3222,23914,4605,58781,3869,72295,5786,N,N,34485,4066,29.8,(X),(X),(X),(X),(X),(X),(X),(X),(X),29.2,(X),(X),(X),(X),(X),(X),(X),(X),(X),(X),(X),28.7,(X)
0500000US47187,47187,"Williamson County, Tennessee",69191,1046,53383,1842,N,N,15808,1729,1.9,0.9,0.9,0.5,N,N,5.3,3.5,3.5,1.3,2.0,1.1,N,N,9.0,3.6,5.9,1.6,4.4,1.6,N,N,11.2,4.7,6.6,1.8,3.2,1.2,N,N,18.0,6.4,8.6,1.8,5.9,1.6,N,N,17.1,5.4,15.9,2.5,15.8,3.0,N,N,16.5,4.9,14.6,2.2,15.7,2.5,N,N,10.3,4.0,17.3,2.1,20.4,2.5,N,N,6.7,3.0,10.8,1.8,13.4,2.2,N,N,1.9,1.5,15.1,2.0,18.2,2.3,N,N,4.0,3.2,88759,6569,103772,7013,110567,6180,41096,3195,117445,5951,134184,6630,N,N,56955,6649,28.1,(X),(X),(X),(X),(X),(X),(X),(X),(X),26.7,(X),(X),(X),(X),(X),(X),(X),(X),(X),(X),(X),32.6,(X)
0500000US47189,47189,"Wilson County, Tennessee",44197,1186,30023,1719,N,N,14174,1546,5.4,1.9,2.9,1.8,N,N,12.1,4.7,3.7,1.4,2.2,1.1,N,N,7.7,3.7,11.4,2.5,7.6,2.4,N,N,21.0,5.1,8.4,2.1,7.4,3.4,N,N,12.7,4.7,15.9,2.7,16.4,3.2,N,N,16.1,5.1,19.5,3.4,20.6,4.2,N,N,12.0,4.2,16.6,2.8,17.4,3.3,N,N,13.3,5.3,11.8,2.2,15.4,3.2,N,N,4.1,2.4,4.2,1.5,5.6,2.2,N,N,0.9,1.1,3.1,1.2,4.5,1.7,N,N,0.0,1.2,56278,6183,65728,3562,76011,4915,31924,3919,69453,4520,81273,6383,N,N,40325,4572,29.1,(X),(X),(X),(X),(X),(X),(X),(X),(X),27.8,(X),(X),(X),(X),(X),(X),(X),(X),(X),(X),(X),28.3,(X)
0500000US48005,48005,"Angelina County, Texas",30103,1288,21860,1730,N,N,8243,1435,6.9,2.6,3.6,2.1,N,N,15.8,6.9,8.4,3.1,4.7,2.5,N,N,18.9,9.6,15.2,3.5,13.7,4.3,N,N,23.6,9.2,13.4,3.9,11.3,4.1,N,N,15.2,7.3,14.7,2.8,17.7,3.9,N,N,7.1,3.6,17.0,3.4,18.7,3.6,N,N,13.4,7.6,10.1,2.9,12.2,3.7,N,N,2.0,1.9,8.6,2.3,11.0,3.1,N,N,2.2,2.6,3.5,1.4,4.8,1.9,N,N,0.0,2.2,2.2,1.0,2.3,1.2,N,N,1.8,2.1,42750,5249,49204,4267,62489,10081,19692,3348,57588,4816,66335,5768,N,N,32833,7525,30.2,(X),(X),(X),(X),(X),(X),(X),(X),(X),28.3,(X),(X),(X),(X),(X),(X),(X),(X),(X),(X),(X),30.3,(X)
0500000US48021,48021,"Bastrop County, Texas",25447,1272,18978,1839,N,N,6469,1509,5.6,2.9,3.6,2.7,N,N,11.2,7.9,7.3,3.9,6.0,3.4,N,N,12.2,10.5,9.2,3.5,8.5,3.6,N,N,14.7,8.4,9.5,4.2,5.6,3.1,N,N,20.8,11.2,19.2,5.5,20.2,6.7,N,N,14.6,8.8,21.5,5.1,23.4,6.8,N,N,18.7,8.8,10.6,4.7,12.9,6.6,N,N,3.0,2.5,14.8,4.6,16.5,6.0,N,N,4.5,4.1,2.0,1.5,2.7,2.0,N,N,0.0,2.9,0.5,0.5,0.5,0.7,N,N,0.4,0.7,48652,6460,54465,4870,61879,5570,29519,6744,57454,4742,62643,5092,N,N,36359,6005,40.2,(X),(X),(X),(X),(X),(X),(X),(X),(X),39.9,(X),(X),(X),(X),(X),(X),(X),(X),(X),(X),(X),38.7,(X)
0500000US48027,48027,"Bell County, Texas",102934,2542,73187,2900,53755,3014,29747,2305,8.2,1.5,6.0,1.7,1.9,1.0,15.3,3.4,3.7,0.9,1.8,0.8,0.8,0.5,8.8,2.6,10.0,1.5,7.2,1.5,4.3,1.2,17.1,3.5,10.4,1.6,9.4,1.5,7.9,1.8,15.3,4.1,16.8,1.8,17.2,2.3,16.1,2.6,18.8,3.6,21.8,2.4,22.2,2.8,22.8,3.1,16.2,3.3,11.9,1.6,14.0,2.2,16.9,2.6,4.5,1.8,11.3,1.8,14.5,2.4,19.3,3.0,2.4,1.1,3.6,1.0,4.4,1.2,5.8,1.7,1.5,1.1,2.3,0.9,3.3,1.2,4.3,1.7,0.0,0.6,50656,1939,57736,3905,68645,7475,31251,3234,62916,2894,72144,3760,N,N,36851,2594,22.2,(X),(X),(X),(X),(X),(X),(X),(X),(X),22.9,(X),(X),(X),(X),(X),(X),(X),(X),(X),(X),(X),18.8,(X)
0500000US48029,48029,"Bexar County, Texas",620467,4370,415629,6546,280818,7208,204838,6104,8.3,0.6,5.5,0.5,2.1,0.5,15.7,1.3,5.6,0.5,3.5,0.5,1.6,0.4,9.8,1.3,11.1,0.8,9.3,0.8,6.9,0.8,15.2,1.5,10.2,0.7,9.9,0.9,7.8,0.9,11.9,1.4,15.1,0.8,15.0,1.0,13.1,1.2,15.5,1.5,19.3,0.9,19.7,1.2,21.2,1.4,17.4,1.4,11.2,0.8,12.7,0.9,15.2,1.0,7.3,1.2,11.5,0.7,14.1,0.9,18.7,1.3,4.7,0.8,4.1,0.4,5.5,0.6,7.0,0.7,1.2,0.4,3.7,0.4,4.8,0.5,6.5,0.7,1.2,0.4,49769,1120,57327,1643,71778,1602,32353,1663,66380,1281,75895,1618,90244,1999,43802,1753,32.0,(X),(X),(X),(X),(X),(X),(X),(X),(X),33.5,(X),(X),(X),(X),(X),(X),(X),(X),(X),(X),(X),27.6,(X)
0500000US48037,48037,"Bowie County, Texas",32199,1618,22818,1909,N,N,9381,1506,12.5,3.1,10.4,3.3,N,N,18.9,7.0,7.2,2.4,3.5,2.1,N,N,15.9,5.9,11.6,3.1,7.7,3.6,N,N,23.8,7.6,10.4,2.8,11.7,3.5,N,N,9.4,5.1,16.2,3.1,15.7,4.1,N,N,14.9,4.3,16.4,3.0,17.0,3.3,N,N,11.8,5.6,11.4,2.6,14.9,3.7,N,N,1.7,1.8,8.7,2.8,11.8,3.8,N,N,0.8,1.2,2.3,1.5,3.2,2.1,N,N,0.0,2.0,3.6,1.7,3.9,2.1,N,N,2.7,3.9,41142,3266,51176,7969,64431,8210,21362,1911,64601,8529,72452,8771,N,N,43123,24579,25.2,(X),(X),(X),(X),(X),(X),(X),(X),(X),24.7,(X),(X),(X),(X),(X),(X),(X),(X),(X),(X),(X),24.9,(X)
0500000US48039,48039,"Brazoria County, Texas",111436,2203,83894,2858,64514,3265,27542,2962,5.3,1.2,2.5,1.0,1.5,0.9,15.0,3.7,4.3,1.3,2.9,1.5,0.8,0.6,8.8,3.1,7.8,1.5,5.4,1.3,3.6,1.2,16.4,4.4,8.0,1.5,7.3,1.6,6.1,1.5,10.9,4.0,12.2,2.1,10.9,2.3,9.8,2.5,16.1,4.2,17.1,2.3,18.5,2.7,16.9,3.0,11.9,3.4,13.2,2.3,13.6,2.7,14.8,3.1,11.4,3.6,17.9,2.2,21.6,2.7,24.2,3.3,6.2,2.9,9.8,1.8,12.0,2.3,15.4,2.9,2.2,1.4,4.3,1.1,5.4,1.4,6.7,1.8,1.0,1.3,66250,3987,80564,5613,92347,6061,31902,7601,80545,2824,90912,3413,N,N,45288,4299,34.3,(X),(X),(X),(X),(X),(X),(X),(X),(X),35.1,(X),(X),(X),(X),(X),(X),(X),(X),(X),(X),(X),30.2,(X)
0500000US48041,48041,"Brazos County, Texas",72072,1815,39818,2159,28608,2051,32254,2150,14.4,2.0,5.0,1.7,3.1,1.9,26.5,4.1,7.7,1.8,5.4,2.4,1.6,1.0,11.8,2.9,12.5,2.4,10.1,2.8,3.3,1.4,15.6,3.6,11.7,2.3,9.6,2.6,7.5,2.9,13.7,3.3,13.5,2.2,14.5,2.9,14.9,3.1,11.4,3.2,14.4,2.3,17.5,3.6,19.8,4.0,10.6,2.6,9.0,1.7,11.1,2.6,14.0,3.3,5.9,2.3,9.8,1.7,14.9,2.5,19.9,3.2,3.5,2.0,3.7,0.9,6.5,1.8,8.7,2.4,0.5,0.4,3.4,0.9,5.4,1.5,7.1,2.0,0.4,0.6,37913,3111,59365,4858,74606,7396,21845,2448,59566,3760,80478,6567,N,N,32329,3479,37.9,(X),(X),(X),(X),(X),(X),(X),(X),(X),34.8,(X),(X),(X),(X),(X),(X),(X),(X),(X),(X),(X),39.9,(X)
0500000US48061,48061,"Cameron County, Texas",118546,3031,93111,3195,63796,3402,25435,2716,14.8,1.5,13.0,1.7,7.3,1.6,28.9,4.3,8.7,1.2,6.7,1.6,5.7,1.6,13.3,3.2,14.7,1.5,14.0,1.7,12.4,2.1,18.4,3.9,12.5,1.6,12.8,1.8,11.4,1.9,9.4,2.6,13.9,1.6,15.3,1.9,16.5,2.3,9.0,2.7,15.8,2.0,15.2,2.1,17.2,2.4,15.0,4.1,8.6,1.4,9.7,1.6,12.7,2.0,4.1,2.8,6.6,1.1,8.4,1.4,10.6,1.9,1.2,0.8,2.5,0.8,2.5,0.8,2.9,1.1,0.5,0.5,2.0,0.6,2.4,0.8,3.3,1.1,0.4,0.5,34374,1851,37186,1957,46701,2346,18298,3832,50443,3121,54101,3216,63720,4438,32045,5384,36.1,(X),(X),(X),(X),(X),(X),(X),(X),(X),37.7,(X),(X),(X),(X),(X),(X),(X),(X),(X),(X),(X),26.7,(X)
0500000US48085,48085,"Collin County, Texas",307499,2294,225831,4634,182410,5100,81668,4035,4.0,0.6,2.8,0.6,1.2,0.4,8.0,1.7,2.9,0.5,2.1,0.5,1.3,0.5,6.0,1.7,5.0,0.7,2.9,0.7,1.5,0.5,10.9,1.8,7.4,0.8,5.5,0.9,4.5,0.8,13.0,2.0,9.9,1.0,8.1,0.9,6.4,0.9,14.7,2.4,17.7,1.2,16.1,1.3,14.3,1.3,23.1,2.6,13.6,1.1,14.7,1.3,15.0,1.4,9.8,1.7,20.3,1.1,24.3,1.4,27.8,1.7,8.3,1.3,9.5,0.9,11.5,1.0,13.5,1.2,3.4,1.4,9.6,0.8,12.1,1.1,14.4,1.3,2.8,0.9,80273,2542,96184,2500,108295,3911,46464,2800,104089,3479,117501,3838,130424,4767,64212,7730,31.1,(X),(X),(X),(X),(X),(X),(X),(X),(X),31.5,(X),(X),(X),(X),(X),(X),(X),(X),(X),(X),(X),28.6,(X)
0500000US48091,48091,"Comal County, Texas",43517,1348,31886,1883,N,N,11631,1723,5.1,1.5,3.6,1.4,N,N,13.2,5.1,2.6,1.2,1.7,1.2,N,N,4.4,2.5,8.5,2.1,8.0,2.4,N,N,11.4,4.7,12.2,2.8,8.8,2.7,N,N,19.5,6.9,8.8,1.9,6.1,1.7,N,N,15.3,5.5,14.7,2.8,15.8,3.1,N,N,10.4,4.4,15.7,2.8,16.3,3.2,N,N,13.6,6.5,18.1,3.0,21.6,3.6,N,N,8.8,4.8,8.5,2.5,10.4,3.0,N,N,3.4,3.4,5.9,1.9,7.6,2.6,N,N,0.0,1.6,72759,4468,82026,8551,93047,8275,36694,7781,85927,5686,97020,7378,N,N,50070,6185,20.5,(X),(X),(X),(X),(X),(X),(X),(X),(X),20.4,(X),(X),(X),(X),(X),(X),(X),(X),(X),(X),(X),17.8,(X)
0500000US48099,48099,"Coryell County, Texas",22083,1260,16027,1366,N,N,6056,1026,5.4,2.5,3.9,2.3,N,N,9.4,5.7,6.5,2.8,2.8,2.0,N,N,16.5,7.7,9.5,3.3,5.7,2.7,N,N,19.5,8.7,7.3,2.3,6.7,2.8,N,N,9.0,4.6,19.3,3.8,20.6,4.6,N,N,16.4,7.6,23.0,4.2,26.3,4.7,N,N,17.7,8.7,11.9,2.6,15.9,4.0,N,N,4.3,3.7,12.6,3.1,14.2,4.2,N,N,3.7,4.0,2.5,1.8,2.2,1.9,N,N,2.6,3.9,1.9,1.1,1.7,1.0,N,N,0.8,1.4,51217,2705,58049,4650,63380,4465,29382,12659,61894,4360,67413,4868,N,N,40840,7398,27.5,(X),(X),(X),(X),(X),(X),(X),(X),(X),28.8,(X),(X),(X),(X),(X),(X),(X),(X),(X),(X),(X),21.5,(X)
0500000US48113,48113,"Dallas County, Texas",880444,6089,576768,8123,379500,8672,303676,8375,7.2,0.4,5.3,0.5,2.0,0.3,12.3,1.0,4.9,0.4,4.3,0.5,1.8,0.4,7.1,0.8,12.0,0.6,11.0,0.7,7.5,0.8,14.9,1.1,12.0,0.6,11.8,0.6,9.5,0.7,12.0,1.1,15.8,0.6,15.1,0.8,13.5,0.9,16.7,1.1,17.3,0.6,16.7,0.7,17.9,1.0,17.5,1.3,10.3,0.6,11.2,0.8,13.5,1.0,7.5,0.8,11.1,0.5,13.0,0.6,17.6,0.9,7.0,0.7,3.9,0.3,4.6,0.4,6.6,0.6,2.4,0.4,5.6,0.4,7.1,0.5,10.2,0.7,2.6,0.4,47810,1000,52425,1256,71580,1626,37496,1617,74393,1312,83667,1851,105407,2645,53732,1729,30.5,(X),(X),(X),(X),(X),(X),(X),(X),(X),31.8,(X),(X),(X),(X),(X),(X),(X),(X),(X),(X),(X),26.2,(X)
0500000US48121,48121,"Denton County, Texas",256391,2255,184219,3720,141993,3665,72172,3593,3.9,0.7,2.2,0.7,0.8,0.4,8.9,1.6,3.2,0.5,1.7,0.5,0.6,0.3,7.2,1.5,6.8,0.9,4.8,0.9,2.6,0.7,12.8,1.9,8.1,1.1,6.3,1.1,4.3,1.0,13.6,2.2,10.4,1.1,9.5,1.3,7.2,1.1,14.0,2.5,17.6,1.4,15.1,1.5,14.8,1.6,21.7,2.3,13.8,1.1,15.4,1.4,15.6,1.7,9.3,1.8,18.9,1.3,23.2,1.7,27.2,1.9,8.2,1.6,8.8,0.9,10.7,1.1,13.3,1.3,2.9,0.9,8.5,0.9,11.2,1.2,13.7,1.5,1.5,0.8,74981,1989,90550,2693,105847,2399,42215,2575,94493,2101,109042,2864,124071,3628,54437,3113,30.1,(X),(X),(X),(X),(X),(X),(X),(X),(X),30.3,(X),(X),(X),(X),(X),(X),(X),(X),(X),(X),(X),28.5,(X)
0500000US48135,48135,"Ector County, Texas",51962,995,38090,1751,24127,1884,13872,1851,4.5,1.5,5.3,1.9,1.3,1.3,11.3,4.6,3.3,1.2,1.4,1.1,0.3,0.4,9.7,4.1,10.4,2.0,10.4,2.6,5.3,2.6,14.9,5.0,8.8,2.2,7.9,2.4,4.3,2.4,9.8,4.0,18.1,3.2,14.7,3.5,14.3,3.9,21.8,6.1,18.4,2.9,20.0,3.6,23.2,4.9,11.7,4.5,11.2,2.2,10.8,2.6,11.9,3.5,11.7,4.4,15.8,2.7,17.3,3.4,21.7,4.8,7.3,4.1,4.5,1.7,5.6,2.2,7.5,3.1,0.9,1.5,5.0,1.5,6.5,2.0,10.1,3.1,0.8,1.4,55710,4602,59390,4892,77228,10006,38151,4892,76085,4909,82441,5731,N,N,48798,8896,27.4,(X),(X),(X),(X),(X),(X),(X),(X),(X),25.4,(X),(X),(X),(X),(X),(X),(X),(X),(X),(X),(X),30.1,(X)
0500000US48139,48139,"Ellis County, Texas",52978,939,41759,1559,N,N,11219,1433,5.3,2.1,4.6,2.0,N,N,9.3,5.6,5.0,1.6,4.0,1.8,N,N,12.4,5.3,7.9,1.7,6.5,2.0,N,N,13.4,5.5,9.2,2.4,5.8,1.9,N,N,17.0,6.9,16.3,2.8,14.2,2.5,N,N,27.8,8.6,16.6,2.9,17.5,3.3,N,N,11.0,4.3,14.5,2.2,17.5,2.6,N,N,2.3,1.5,15.5,2.6,18.8,3.2,N,N,3.8,3.5,6.2,1.5,6.7,1.7,N,N,3.1,2.8,3.4,1.2,4.3,1.5,N,N,0.0,1.7,57880,5448,71175,4244,81574,5290,33918,4093,73990,3895,82513,4402,N,N,39230,5298,29.6,(X),(X),(X),(X),(X),(X),(X),(X),(X),30.0,(X),(X),(X),(X),(X),(X),(X),(X),(X),(X),(X),27.6,(X)
0500000US48141,48141,"El Paso County, Texas",258587,2911,191854,4226,127513,5052,66733,3592,10.2,0.9,6.7,1.1,2.8,0.8,22.1,2.8,7.6,1.0,5.4,0.9,3.7,0.9,14.8,2.5,14.4,1.4,13.9,1.5,9.6,1.6,15.9,2.6,12.2,1.0,13.0,1.1,11.2,1.4,10.0,1.9,16.4,1.1,17.5,1.3,18.2,1.7,13.2,2.1,16.6,1.2,17.5,1.5,20.4,2.0,13.8,1.9,9.7,1.0,10.9,1.3,13.3,1.8,4.8,1.3,8.4,0.9,9.8,1.0,13.4,1.3,3.5,1.5,2.5,0.5,2.9,0.6,4.2,0.9,1.0,0.8,2.0,0.4,2.4,0.5,3.3,0.7,0.9,0.6,39945,1449,44186,2175,54690,2181,22316,2293,54811,1700,60193,2091,72786,3134,36502,3140,27.8,(X),(X),(X),(X),(X),(X),(X),(X),(X),29.9,(X),(X),(X),(X),(X),(X),(X),(X),(X),(X),(X),20.0,(X)
0500000US48157,48157,"Fort Bend County, Texas",205137,1954,166231,3395,133666,4401,38906,3227,3.2,0.8,2.5,0.7,0.9,0.3,7.9,2.9,2.0,0.6,1.4,0.6,0.6,0.3,6.1,2.7,6.3,1.2,4.7,1.1,2.6,1.1,12.9,3.5,6.0,1.2,4.8,0.9,4.5,1.1,11.5,3.9,11.0,1.5,9.6,1.5,8.0,1.6,16.9,3.7,14.8,1.4,13.1,1.6,11.7,1.7,21.1,4.3,11.9,1.3,12.3,1.6,12.2,1.7,10.2,2.8,20.0,1.6,22.7,1.9,24.4,2.3,8.5,3.3,11.1,1.4,12.8,1.7,15.4,2.1,2.4,1.3,13.6,1.8,16.1,2.1,19.6,2.5,2.4,1.1,88023,3770,102157,4236,115895,4635,45767,3686,111768,3916,122659,4521,N,N,60473,5799,30.7,(X),(X),(X),(X),(X),(X),(X),(X),(X),32.3,(X),(X),(X),(X),(X),(X),(X),(X),(X),(X),(X),22.7,(X)
0500000US48167,48167,"Galveston County, Texas",111038,2688,77778,3218,58061,3091,33260,2499,6.4,1.2,5.2,1.5,2.5,1.4,11.7,2.5,4.2,1.2,3.3,1.3,1.1,0.8,8.0,2.5,10.7,1.7,6.8,1.6,4.7,1.6,19.0,4.1,10.2,1.3,8.6,1.6,5.8,1.4,12.8,3.0,11.0,1.8,10.3,2.1,8.9,2.0,12.7,3.9,16.0,2.1,16.1,2.4,16.3,2.8,15.9,3.5,13.6,2.0,14.6,2.6,15.6,3.1,9.7,2.7,15.5,1.8,18.4,2.3,23.5,3.0,7.5,3.2,6.7,1.2,9.2,1.7,12.0,2.2,1.0,1.1,5.8,1.2,7.5,1.6,9.6,2.0,1.6,0.9,60869,2762,74246,5894,91750,2708,33977,3323,80903,3800,94017,5214,109741,5483,47058,4312,34.3,(X),(X),(X),(X),(X),(X),(X),(X),(X),37.6,(X),(X),(X),(X),(X),(X),(X),(X),(X),(X),(X),24.7,(X)
0500000US48181,48181,"Grayson County, Texas",46311,1464,31294,1836,22485,1579,15017,1475,8.9,2.1,4.9,2.2,1.7,1.2,21.4,5.5,7.8,2.4,4.8,2.4,2.6,1.9,13.8,5.4,9.5,2.0,7.0,2.1,5.4,2.1,14.1,4.0,12.7,2.7,12.1,3.1,10.0,3.1,13.4,4.4,16.3,2.6,16.0,3.0,14.2,3.0,14.5,4.4,18.0,2.7,19.8,3.5,22.8,4.3,14.2,5.5,11.6,2.3,15.1,2.9,17.1,3.5,3.7,2.2,9.3,1.8,12.7,2.6,16.1,3.3,2.2,1.4,3.0,1.2,4.4,1.8,6.1,2.5,0.0,1.2,2.9,1.5,3.0,1.5,4.1,2.2,2.7,3.4,44378,2905,54787,2919,66332,5572,25454,5088,60658,4253,70979,5896,N,N,37075,7637,35.6,(X),(X),(X),(X),(X),(X),(X),(X),(X),35.9,(X),(X),(X),(X),(X),(X),(X),(X),(X),(X),(X),30.0,(X)
0500000US48183,48183,"Gregg County, Texas",46896,1209,31912,1974,N,N,14984,1870,7.9,2.4,5.2,2.1,N,N,14.9,5.7,5.4,1.8,4.6,2.5,N,N,7.2,2.8,15.4,2.9,8.9,2.9,N,N,29.4,6.1,12.3,2.8,11.9,3.2,N,N,13.7,5.1,14.1,2.9,13.9,3.3,N,N,14.0,5.1,17.8,2.7,21.7,3.6,N,N,10.4,3.9,8.9,2.2,10.7,2.8,N,N,3.6,2.8,12.2,2.8,15.3,3.9,N,N,4.3,3.8,4.0,1.4,4.7,2.0,N,N,2.5,2.2,2.1,1.1,3.2,1.6,N,N,0.0,1.2,45461,5460,52961,4112,64913,6237,24428,3246,63857,5627,75888,7602,N,N,35914,5256,22.8,(X),(X),(X),(X),(X),(X),(X),(X),(X),24.0,(X),(X),(X),(X),(X),(X),(X),(X),(X),(X),(X),18.6,(X)
0500000US48187,48187,"Guadalupe County, Texas",48922,1086,36295,1767,27791,1834,12627,1666,4.9,1.6,3.2,1.6,0.5,0.5,11.8,4.5,3.6,1.5,1.6,1.1,0.4,0.5,9.2,4.8,8.6,2.1,7.8,2.6,4.1,1.7,13.5,4.8,9.3,2.4,7.7,2.1,5.9,1.9,16.3,6.6,14.6,2.9,12.1,2.7,12.5,3.0,20.4,6.7,21.4,2.9,21.8,3.3,22.3,3.6,17.6,5.3,13.4,2.5,16.6,3.5,18.5,4.3,5.4,2.8,15.4,2.1,17.9,2.9,21.7,3.6,3.1,2.1,5.5,1.7,7.1,2.2,9.1,2.9,0.8,1.1,3.4,1.3,4.0,1.5,5.0,2.0,1.7,1.9,58270,4130,69831,3271,81272,4360,33250,9086,72989,3740,81971,4895,N,N,41961,5352,25.5,(X),(X),(X),(X),(X),(X),(X),(X),(X),26.9,(X),(X),(X),(X),(X),(X),(X),(X),(X),(X),(X),19.3,(X)
0500000US48201,48201,"Harris County, Texas",1497363,7978,1025208,11049,702816,10042,472155,9376,7.0,0.3,5.4,0.4,1.9,0.3,12.5,0.8,5.0,0.3,4.0,0.4,2.3,0.4,7.6,0.6,11.3,0.5,10.0,0.5,6.5,0.6,14.8,0.9,10.2,0.4,9.7,0.5,8.0,0.6,11.1,0.8,14.0,0.5,13.4,0.5,12.3,0.6,14.9,0.9,17.5,0.6,17.4,0.7,17.6,0.9,16.7,0.9,10.8,0.4,11.7,0.5,13.7,0.8,8.1,0.8,12.4,0.5,14.4,0.6,18.4,0.8,7.7,0.6,5.4,0.3,6.3,0.4,8.5,0.6,3.0,0.4,6.5,0.3,7.7,0.4,10.8,0.6,3.5,0.5,52489,807,60020,1028,77156,1713,38236,1518,78647,1147,86980,1424,106062,2044,57053,1697,34.0,(X),(X),(X),(X),(X),(X),(X),(X),(X),35.6,(X),(X),(X),(X),(X),(X),(X),(X),(X),(X),(X),28.3,(X)
0500000US48203,48203,"Harrison County, Texas",23148,1068,16129,1364,N,N,7019,1145,9.1,2.7,5.1,2.3,N,N,19.7,7.5,6.8,2.7,4.6,3.2,N,N,12.0,6.5,17.3,4.3,13.6,3.8,N,N,24.3,9.7,12.5,4.7,14.8,6.2,N,N,7.3,5.5,14.2,4.3,14.4,4.5,N,N,14.6,7.1,18.4,3.5,20.5,4.5,N,N,12.8,5.7,9.2,3.0,11.3,3.7,N,N,4.4,4.2,6.7,2.0,8.5,2.8,N,N,2.7,2.8,3.2,2.0,4.5,2.8,N,N,0.0,2.6,2.6,1.4,2.8,1.5,N,N,2.2,2.6,39701,4302,46230,9328,57419,4762,22350,3919,59691,9748,67974,12648,N,N,40269,12799,37.2,(X),(X),(X),(X),(X),(X),(X),(X),(X),37.5,(X),(X),(X),(X),(X),(X),(X),(X),(X),(X),(X),36.5,(X)
0500000US48209,48209,"Hays County, Texas",60739,1776,39110,2028,N,N,21629,1734,7.5,2.0,4.4,2.0,N,N,15.8,5.0,4.9,1.8,1.6,0.9,N,N,10.8,4.6,8.5,1.9,5.8,2.4,N,N,13.0,3.8,11.4,2.7,6.5,2.2,N,N,18.8,5.7,10.8,2.2,9.6,2.3,N,N,12.6,3.7,19.7,3.0,23.4,3.7,N,N,14.5,4.4,12.9,2.3,15.3,3.2,N,N,7.6,2.8,12.9,2.2,17.7,3.1,N,N,3.8,2.4,6.1,1.5,8.3,2.2,N,N,1.8,1.2,5.3,1.3,7.5,2.0,N,N,1.3,1.1,58987,3120,73650,5087,86492,9680,29949,3357,74964,4162,91928,6037,N,N,42615,4958,25.3,(X),(X),(X),(X),(X),(X),(X),(X),(X),23.5,(X),(X),(X),(X),(X),(X),(X),(X),(X),(X),(X),28.3,(X)
0500000US48213,48213,"Henderson County, Texas",28070,1630,19276,1548,N,N,8794,1431,7.7,2.2,6.9,2.7,N,N,12.0,5.2,5.2,1.9,2.8,1.8,N,N,10.5,5.6,19.2,4.1,14.4,4.7,N,N,29.4,7.9,14.4,2.7,12.2,3.7,N,N,17.4,7.3,16.8,3.4,16.8,3.7,N,N,17.7,7.3,15.9,3.2,19.5,4.1,N,N,6.6,3.3,8.6,2.3,11.7,3.4,N,N,2.8,2.2,8.5,2.7,11.4,3.7,N,N,1.5,1.3,1.7,0.9,2.1,1.2,N,N,0.9,1.5,1.9,1.2,2.2,1.6,N,N,1.4,1.9,38493,5099,44948,8058,57052,6035,24495,3276,57250,8405,62173,8192,N,N,44961,21481,23.9,(X),(X),(X),(X),(X),(X),(X),(X),(X),24.7,(X),(X),(X),(X),(X),(X),(X),(X),(X),(X),(X),21.6,(X)
0500000US48215,48215,"Hidalgo County, Texas",223367,3839,181285,3840,126763,4144,42082,3443,13.8,1.2,11.0,1.3,6.6,1.2,26.9,3.5,9.8,1.1,8.9,1.3,7.6,1.5,14.8,3.0,14.6,1.3,14.1,1.5,12.1,1.5,16.7,3.2,11.6,1.2,12.0,1.4,11.8,1.5,11.2,2.4,15.0,1.4,15.8,1.8,16.4,2.0,11.6,2.3,14.9,1.3,15.7,1.6,16.7,1.9,11.1,2.5,8.8,1.1,9.1,1.2,10.8,1.5,5.3,2.2,8.2,1.0,9.8,1.2,13.1,1.7,0.6,0.5,1.8,0.4,2.1,0.5,2.8,0.7,0.6,0.5,1.4,0.3,1.4,0.3,2.0,0.5,1.1,1.0,35098,1606,37764,1886,45835,2227,19133,1750,49432,1871,52817,2046,61982,2822,31957,3987,31.7,(X),(X),(X),(X),(X),(X),(X),(X),(X),34.1,(X),(X),(X),(X),(X),(X),(X),(X),(X),(X),(X),20.6,(X)
0500000US48231,48231,"Hunt County, Texas",30727,1331,21651,1571,N,N,9076,1027,8.3,2.5,5.4,2.9,N,N,16.6,6.0,10.0,2.7,5.6,2.9,N,N,21.4,7.4,11.7,2.4,7.9,2.0,N,N,20.3,6.1,11.2,2.8,11.1,3.6,N,N,10.9,4.2,13.2,2.3,11.7,2.7,N,N,17.7,6.2,16.9,3.3,22.3,4.2,N,N,7.1,3.8,13.2,2.9,17.4,4.0,N,N,1.7,1.7,9.8,2.3,11.1,2.9,N,N,3.4,2.6,3.9,1.5,5.2,2.1,N,N,0.7,1.0,1.7,0.9,2.3,1.3,N,N,0.1,0.2,44303,3833,57115,4571,66246,5864,21010,3267,57610,3779,68065,4952,N,N,28999,3849,28.0,(X),(X),(X),(X),(X),(X),(X),(X),(X),30.3,(X),(X),(X),(X),(X),(X),(X),(X),(X),(X),(X),18.9,(X)
0500000US48245,48245,"Jefferson County, Texas",91431,2524,57729,2806,38127,2522,33702,2396,12.8,1.7,7.8,1.7,3.4,1.7,21.9,3.5,6.7,1.3,3.9,1.3,1.8,0.9,11.8,2.8,13.1,1.8,10.7,2.2,6.1,1.9,17.8,3.3,10.9,1.6,11.1,2.0,8.5,1.9,10.9,2.7,14.0,2.2,14.3,2.8,13.9,2.9,14.6,3.5,18.7,2.1,20.2,2.5,22.2,3.2,14.2,3.6,7.1,1.2,10.0,1.8,13.8,2.5,2.4,1.2,10.0,1.5,13.5,2.2,17.9,3.1,3.6,1.9,3.2,0.9,4.6,1.3,6.5,1.9,0.5,0.5,3.5,1.1,4.1,1.3,5.9,2.0,2.3,1.7,41838,1914,52874,4444,67869,4752,24213,2099,60231,5192,68889,4060,N,N,43580,11111,54.8,(X),(X),(X),(X),(X),(X),(X),(X),(X),55.9,(X),(X),(X),(X),(X),(X),(X),(X),(X),(X),(X),52.2,(X)
0500000US48251,48251,"Johnson County, Texas",53393,1345,39245,2050,N,N,14148,1665,6.8,2.1,5.0,1.9,N,N,13.9,5.2,5.1,1.8,0.8,0.8,N,N,16.1,5.9,8.9,2.2,6.0,2.3,N,N,16.8,4.3,6.7,1.6,5.7,1.8,N,N,10.9,5.1,15.6,2.9,15.2,3.0,N,N,18.5,5.8,22.9,3.1,25.5,3.6,N,N,14.8,4.5,12.8,2.5,16.1,2.8,N,N,1.5,1.3,12.9,2.5,15.8,2.9,N,N,4.1,2.7,5.5,1.6,6.1,1.8,N,N,3.3,3.3,2.8,1.0,3.8,1.4,N,N,0.0,1.3,56253,2728,65486,3966,71590,6289,28187,6257,68249,3550,78546,4500,N,N,36637,5017,35.0,(X),(X),(X),(X),(X),(X),(X),(X),(X),36.2,(X),(X),(X),(X),(X),(X),(X),(X),(X),(X),(X),28.4,(X)
0500000US48257,48257,"Kaufman County, Texas",34532,1085,26759,1487,N,N,7773,1167,5.1,1.9,3.0,1.7,N,N,13.1,5.7,6.6,2.1,2.8,1.6,N,N,22.1,7.5,7.1,1.9,6.0,2.4,N,N,10.3,4.5,7.8,1.9,6.4,2.1,N,N,12.3,5.0,14.0,3.0,15.8,4.1,N,N,12.6,5.5,19.7,3.9,20.7,4.7,N,N,16.1,5.3,12.0,2.7,13.4,3.2,N,N,5.7,5.3,18.7,3.0,21.7,3.7,N,N,2.8,2.9,6.1,2.2,6.8,2.4,N,N,3.6,4.6,3.0,1.5,3.5,1.8,N,N,1.3,1.6,65258,7703,72199,2893,81561,9396,29466,6689,74038,4114,80955,4776,N,N,44262,8460,28.4,(X),(X),(X),(X),(X),(X),(X),(X),(X),30.6,(X),(X),(X),(X),(X),(X),(X),(X),(X),(X),(X),19.0,(X)
0500000US48291,48291,"Liberty County, Texas",25316,1255,18244,1619,N,N,7072,1191,10.2,4.0,7.4,4.9,N,N,19.7,8.0,5.7,2.6,3.4,2.8,N,N,11.6,6.4,18.0,4.7,12.8,4.4,N,N,32.2,12.6,7.2,3.1,9.2,3.4,N,N,6.7,5.4,14.9,3.8,16.4,4.4,N,N,10.8,7.2,23.4,4.3,24.4,5.3,N,N,15.2,9.2,6.2,2.3,7.8,3.1,N,N,1.1,1.9,8.6,3.2,11.2,4.3,N,N,2.5,2.6,4.5,2.6,5.9,3.5,N,N,0.0,2.6,1.4,0.8,1.5,0.9,N,N,0.3,0.5,41711,5473,51193,9009,59345,5961,19571,4130,54027,5800,61817,6730,N,N,28203,4692,37.7,(X),(X),(X),(X),(X),(X),(X),(X),(X),39.0,(X),(X),(X),(X),(X),(X),(X),(X),(X),(X),(X),32.9,(X)
0500000US48303,48303,"Lubbock County, Texas",105838,2350,66503,2975,47658,2707,39335,2819,8.2,1.6,4.1,1.2,1.8,1.1,15.7,3.7,5.4,1.0,2.9,1.1,0.6,0.4,10.7,2.4,11.9,1.8,8.9,1.8,4.4,1.6,17.8,3.6,11.7,1.8,9.3,2.1,7.0,2.0,15.6,3.5,15.3,1.8,14.8,2.1,12.4,2.2,15.9,3.6,18.5,2.3,22.1,3.2,25.9,4.0,11.8,3.5,10.1,1.6,13.3,2.3,16.2,2.6,4.3,1.7,11.1,1.7,15.0,2.4,19.1,3.1,4.2,1.5,3.6,0.8,4.7,1.0,6.5,1.4,1.5,1.3,4.2,1.0,5.0,1.2,6.2,1.5,2.4,1.6,47309,2417,59038,4596,72595,4387,28244,3253,65416,3328,78098,4496,92660,5314,41219,4673,33.6,(X),(X),(X),(X),(X),(X),(X),(X),(X),31.9,(X),(X),(X),(X),(X),(X),(X),(X),(X),(X),(X),35.5,(X)
0500000US48309,48309,"McLennan County, Texas",87845,1796,56171,2414,38789,2296,31674,2367,10.7,1.9,5.4,1.7,0.8,0.6,22.2,4.2,6.6,1.4,3.7,1.4,1.1,0.7,12.0,2.9,12.7,2.0,10.9,2.2,6.7,2.0,17.2,2.8,14.4,1.6,13.9,2.1,10.8,2.3,14.8,2.9,13.9,1.9,16.3,2.5,16.0,2.7,9.8,3.1,15.0,2.0,14.7,2.2,17.4,2.9,12.7,3.7,12.9,1.8,15.3,2.0,19.8,2.8,8.0,2.8,8.4,1.5,12.1,2.0,16.5,3.0,1.7,1.2,2.8,0.8,3.7,1.2,5.4,1.8,0.8,0.7,2.8,0.8,3.9,1.3,5.6,1.8,0.8,0.8,40633,2855,49690,3220,72314,3090,23656,4017,58524,4209,67443,3302,82825,4038,40132,10252,34.3,(X),(X),(X),(X),(X),(X),(X),(X),(X),32.9,(X),(X),(X),(X),(X),(X),(X),(X),(X),(X),(X),34.8,(X)
0500000US48329,48329,"Midland County, Texas",52655,1270,35220,2055,N,N,17435,1930,3.9,1.4,3.1,1.7,N,N,9.7,3.7,2.6,1.2,1.5,1.2,N,N,5.9,3.5,8.7,2.1,5.5,2.3,N,N,15.4,5.2,8.8,2.9,8.5,3.5,N,N,10.6,4.5,11.5,2.5,10.3,2.7,N,N,13.0,5.0,16.1,2.6,14.7,3.3,N,N,16.4,5.2,13.9,3.0,15.6,4.1,N,N,9.9,4.0,19.1,3.0,22.1,3.9,N,N,12.4,4.9,6.1,2.2,7.3,2.8,N,N,3.8,2.6,9.3,2.3,11.4,3.0,N,N,2.8,2.1,72050,5359,85272,6350,101411,9874,46949,6688,103375,10659,119561,14160,N,N,63078,9459,26.8,(X),(X),(X),(X),(X),(X),(X),(X),(X),28.5,(X),(X),(X),(X),(X),(X),(X),(X),(X),(X),(X),22.0,(X)
0500000US48339,48339,"Montgomery County, Texas",170066,3277,126757,4493,101112,4335,43309,4017,4.5,1.0,3.2,1.0,0.6,0.4,11.0,3.5,3.7,0.9,1.8,0.7,0.7,0.5,9.7,2.7,8.7,1.2,6.5,1.2,4.6,1.2,14.5,3.7,8.7,1.2,7.8,1.3,5.7,1.1,10.9,3.3,11.9,1.8,11.7,2.0,9.2,1.7,14.7,3.5,16.3,1.8,14.8,1.8,14.9,2.1,19.5,4.1,13.6,1.6,14.1,2.0,15.9,2.2,9.2,2.5,15.4,1.9,18.2,2.4,21.6,2.9,6.9,2.0,7.4,1.4,9.0,1.8,10.7,2.1,2.7,1.8,9.9,1.8,12.9,2.4,16.1,2.9,1.0,0.6,68428,3641,81137,4349,97015,4528,39344,5580,91881,4288,105326,5361,N,N,49613,4087,29.1,(X),(X),(X),(X),(X),(X),(X),(X),(X),30.4,(X),(X),(X),(X),(X),(X),(X),(X),(X),(X),(X),24.6,(X)
0500000US48347,48347,"Nacogdoches County, Texas",22687,1275,14420,1656,N,N,8267,1300,16.2,3.5,9.9,3.5,N,N,30.0,7.0,7.8,2.8,5.9,3.2,N,N,12.0,5.8,12.4,2.8,9.0,3.1,N,N,19.7,6.3,13.2,4.1,10.8,5.0,N,N,14.0,6.0,13.0,3.1,14.5,4.3,N,N,9.0,4.6,12.7,3.8,14.2,4.8,N,N,9.3,5.1,9.7,2.9,14.8,4.3,N,N,1.3,2.1,9.9,3.2,13.7,4.5,N,N,3.0,2.8,1.5,1.1,2.4,1.8,N,N,0.0,2.2,3.6,2.1,4.7,3.0,N,N,1.5,2.3,35587,7637,49919,5548,67699,13704,18362,4740,59655,8897,76251,13490,N,N,29313,7616,24.5,(X),(X),(X),(X),(X),(X),(X),(X),(X),23.5,(X),(X),(X),(X),(X),(X),(X),(X),(X),(X),(X),26.0,(X)
0500000US48355,48355,"Nueces County, Texas",127788,2259,87791,2967,58076,2841,39997,2775,6.6,1.0,5.1,1.2,1.8,1.1,12.0,2.6,6.1,1.1,4.0,1.1,3.0,0.9,10.7,2.3,13.5,1.7,11.5,2.1,9.5,2.4,19.5,3.1,9.6,1.3,8.8,1.4,6.4,1.4,11.8,2.7,14.7,1.9,14.3,2.1,10.5,1.8,14.9,3.3,17.5,1.9,17.2,2.1,17.6,2.3,16.3,3.5,12.6,1.8,15.3,2.3,20.1,3.2,6.6,2.0,13.1,1.7,16.2,2.3,21.2,3.0,5.9,2.0,3.8,1.0,4.8,1.2,6.2,1.7,0.6,0.5,2.4,0.7,2.8,0.9,3.7,1.2,1.7,1.2,49338,2835,56866,4957,75919,2877,30362,2469,64345,2757,71405,3456,84320,4523,45599,4357,24.4,(X),(X),(X),(X),(X),(X),(X),(X),(X),25.2,(X),(X),(X),(X),(X),(X),(X),(X),(X),(X),(X),20.8,(X)
0500000US48361,48361,"Orange County, Texas",32004,1094,22649,1598,N,N,9355,1379,6.3,2.2,3.2,1.7,N,N,14.2,6.3,6.5,2.3,2.5,1.7,N,N,16.2,6.4,10.1,2.5,8.7,2.5,N,N,13.9,5.8,9.9,2.2,9.1,3.1,N,N,12.5,4.3,14.8,3.3,13.2,3.9,N,N,18.3,6.6,20.4,3.6,24.4,4.6,N,N,11.4,4.9,14.8,3.9,17.0,4.5,N,N,8.9,5.7,9.6,2.7,12.5,3.8,N,N,2.5,2.3,4.5,1.5,5.5,1.9,N,N,0.7,1.2,3.1,1.4,3.7,1.8,N,N,1.4,1.4,52728,4112,63574,7149,71495,5719,29552,6147,68094,6061,76891,6398,N,N,44303,11248,54.6,(X),(X),(X),(X),(X),(X),(X),(X),(X),52.7,(X),(X),(X),(X),(X),(X),(X),(X),(X),(X),(X),59.1,(X)
0500000US48367,48367,"Parker County, Texas",43524,1321,33081,1672,N,N,10443,1569,7.0,2.3,3.8,2.0,N,N,17.9,8.1,4.4,1.8,3.3,1.9,N,N,8.3,4.2,9.6,2.6,8.1,3.0,N,N,15.5,5.7,8.8,2.9,8.2,3.3,N,N,10.2,4.7,13.6,3.0,14.1,3.6,N,N,13.9,5.4,17.2,3.5,17.1,3.6,N,N,16.1,7.6,13.3,2.7,15.4,3.3,N,N,6.4,3.8,13.7,2.7,14.2,3.1,N,N,9.9,5.6,7.0,2.1,8.8,2.8,N,N,0.4,0.4,5.5,1.8,6.8,2.4,N,N,1.3,1.5,60454,3573,66016,6375,79307,8293,32249,8345,77229,5372,85932,6305,N,N,45757,7201,28.0,(X),(X),(X),(X),(X),(X),(X),(X),(X),28.5,(X),(X),(X),(X),(X),(X),(X),(X),(X),(X),(X),25.8,(X)
0500000US48375,48375,"Potter County, Texas",43194,1177,28616,1693,18618,1778,14578,1439,9.8,2.2,7.5,2.4,4.4,2.8,15.6,4.8,8.5,2.2,6.3,2.2,2.8,1.8,14.6,4.1,13.6,2.3,12.8,2.9,6.9,3.0,20.9,5.1,14.0,2.6,12.6,3.0,10.1,3.6,15.3,4.4,17.1,2.6,17.7,3.0,18.8,4.0,11.3,3.5,15.0,2.3,15.3,2.8,17.9,3.4,14.5,4.6,9.4,2.1,10.6,2.6,14.7,3.7,4.3,2.3,7.8,1.8,11.0,2.8,14.9,4.0,2.2,1.7,2.7,0.9,3.3,1.1,4.8,1.6,1.0,0.9,2.1,1.0,3.1,1.5,4.8,2.3,0.3,0.4,37823,4215,42855,3307,59958,5886,23984,4225,60052,9685,71887,14182,N,N,33059,3613,36.7,(X),(X),(X),(X),(X),(X),(X),(X),(X),36.5,(X),(X),(X),(X),(X),(X),(X),(X),(X),(X),(X),33.9,(X)
0500000US48381,48381,"Randall County, Texas",49024,1295,33273,1769,N,N,15751,1951,6.1,1.7,3.3,1.5,N,N,12.0,4.2,3.5,1.3,1.5,1.0,N,N,7.7,3.3,9.3,2.3,6.8,1.9,N,N,17.4,5.6,7.2,1.7,5.1,1.7,N,N,11.2,3.6,15.2,2.9,13.2,2.7,N,N,19.6,5.8,18.6,2.9,18.5,3.4,N,N,17.4,5.2,13.3,2.2,16.1,2.9,N,N,6.4,3.3,18.0,2.7,23.3,3.5,N,N,6.7,3.5,6.4,1.8,8.8,2.6,N,N,1.2,1.3,2.5,0.7,3.5,1.1,N,N,0.3,0.3,60801,3911,77807,5640,88010,7465,35978,5256,76144,4322,90923,6069,N,N,43418,4708,32.0,(X),(X),(X),(X),(X),(X),(X),(X),(X),29.4,(X),(X),(X),(X),(X),(X),(X),(X),(X),(X),(X),37.3,(X)
0500000US48397,48397,"Rockwall County, Texas",27818,1001,23032,1294,N,N,4786,1086,2.7,2.3,2.9,2.4,N,N,3.9,5.8,2.1,1.4,1.2,1.2,N,N,7.6,5.9,5.5,1.9,1.4,1.1,N,N,25.6,9.9,4.9,2.2,4.5,2.8,N,N,11.3,7.4,11.4,3.5,11.1,4.0,N,N,14.7,9.1,14.3,3.9,14.0,4.1,N,N,11.8,7.3,16.3,3.9,17.8,4.0,N,N,8.5,8.6,22.2,4.7,23.9,5.4,N,N,9.0,9.7,11.7,3.4,14.1,4.2,N,N,0.0,3.8,8.9,3.2,9.2,3.6,N,N,7.6,7.5,93054,5697,95392,6469,103640,5444,35644,8425,104614,8319,112133,9900,N,N,60592,19129,27.3,(X),(X),(X),(X),(X),(X),(X),(X),(X),27.6,(X),(X),(X),(X),(X),(X),(X),(X),(X),(X),(X),23.5,(X)
0500000US48409,48409,"San Patricio County, Texas",22725,1090,16960,1161,N,N,5765,1133,9.3,3.2,7.1,3.2,N,N,18.5,7.1,5.4,2.5,4.6,3.1,N,N,9.3,4.5,9.7,2.6,5.9,2.2,N,N,20.8,7.5,10.9,3.6,10.6,3.9,N,N,12.4,7.8,17.3,3.8,16.5,4.1,N,N,15.5,8.1,19.4,4.0,22.2,4.8,N,N,12.8,6.2,11.0,3.3,13.1,4.1,N,N,3.9,4.2,13.3,3.4,16.1,4.0,N,N,4.2,3.8,2.7,1.5,2.6,1.6,N,N,2.8,3.2,0.9,0.7,1.2,0.9,N,N,0.0,3.2,46425,4486,55214,6206,69041,5612,27736,9231,60133,5598,67226,6626,N,N,36706,6678,25.9,(X),(X),(X),(X),(X),(X),(X),(X),(X),24.9,(X),(X),(X),(X),(X),(X),(X),(X),(X),(X),(X),27.3,(X)
0500000US48423,48423,"Smith County, Texas",79043,1976,53610,2332,39060,2210,25433,2380,6.8,1.5,3.9,1.6,1.3,1.0,14.2,3.5,5.6,1.3,2.2,1.0,1.5,0.9,12.9,3.5,12.4,1.9,8.1,1.9,4.2,1.5,22.7,4.6,12.5,2.0,11.0,2.4,8.7,2.5,14.8,4.0,14.4,2.0,13.6,2.4,13.7,2.8,15.1,3.1,18.2,2.3,20.9,3.0,22.0,3.9,12.0,3.7,13.1,1.9,17.1,2.8,20.5,3.4,4.4,2.3,11.2,1.6,15.2,2.2,18.0,3.0,2.5,1.2,3.2,0.9,4.5,1.3,5.3,1.7,0.6,0.6,2.7,1.0,3.5,1.2,4.8,1.6,0.9,1.0,47745,3549,62354,6242,71847,6188,25109,2714,65102,4213,77951,4952,N,N,36596,5986,29.6,(X),(X),(X),(X),(X),(X),(X),(X),(X),29.2,(X),(X),(X),(X),(X),(X),(X),(X),(X),(X),(X),28.9,(X)
0500000US48439,48439,"Tarrant County, Texas",673785,4965,464719,6622,332452,6364,209066,6498,6.3,0.5,4.2,0.6,1.2,0.4,12.9,1.2,3.8,0.4,2.6,0.4,1.4,0.4,6.9,0.9,9.9,0.6,7.7,0.6,4.9,0.6,15.9,1.4,10.2,0.7,9.3,0.8,6.7,0.8,13.6,1.3,13.2,0.7,12.0,0.8,10.7,0.8,15.6,1.3,19.4,0.8,19.2,1.0,19.2,1.1,18.5,1.4,12.1,0.7,13.4,0.9,15.3,1.1,8.0,1.0,14.1,0.7,17.5,1.0,22.0,1.2,5.3,0.9,5.5,0.4,7.1,0.5,9.0,0.7,1.7,0.6,5.5,0.4,7.2,0.6,9.7,0.8,1.6,0.4,56895,1075,68044,1624,83437,1791,35718,1960,78597,1703,90571,2392,107385,2981,48046,2234,28.5,(X),(X),(X),(X),(X),(X),(X),(X),(X),29.2,(X),(X),(X),(X),(X),(X),(X),(X),(X),(X),(X),24.7,(X)
0500000US48441,48441,"Taylor County, Texas",49880,1442,32174,1717,24533,1738,17706,1538,9.4,2.5,5.3,2.1,1.3,1.0,19.3,5.6,6.3,1.9,3.7,1.7,1.8,1.2,12.3,4.8,12.5,2.3,7.1,2.4,5.2,2.4,23.9,5.2,11.5,2.4,13.9,3.2,11.8,3.7,9.1,3.0,15.0,2.5,13.3,2.6,14.6,3.3,15.8,4.6,19.7,2.8,22.1,3.9,24.3,4.1,12.1,3.6,11.6,1.9,14.1,2.7,14.7,3.3,5.5,2.6,8.4,1.8,12.4,2.7,15.9,3.5,1.1,1.0,3.2,1.2,4.5,1.7,5.8,2.3,0.5,0.6,2.5,1.1,3.6,1.7,4.8,2.2,0.4,0.6,44447,2832,57481,6378,65382,4268,22395,2604,58359,4035,70402,5276,N,N,32853,4623,31.1,(X),(X),(X),(X),(X),(X),(X),(X),(X),33.6,(X),(X),(X),(X),(X),(X),(X),(X),(X),(X),(X),25.3,(X)
0500000US48451,48451,"Tom Green County, Texas",43376,1308,27130,1798,N,N,16246,1687,6.0,1.7,2.6,1.6,N,N,11.9,4.2,5.3,1.8,2.2,1.3,N,N,11.1,4.5,11.4,2.4,7.4,2.6,N,N,19.1,4.8,12.1,3.2,10.9,3.8,N,N,13.0,4.2,18.9,3.3,18.5,4.1,N,N,19.7,5.6,19.9,3.1,24.7,4.1,N,N,11.5,4.4,12.0,2.7,13.7,3.2,N,N,9.0,5.0,9.1,2.2,12.3,2.7,N,N,3.9,3.6,2.5,1.4,3.9,2.2,N,N,0.0,1.1,2.6,1.2,3.7,1.8,N,N,0.8,1.0,45968,2637,58009,3784,68546,5117,31758,3393,62605,5423,75364,7155,N,N,40665,7328,30.7,(X),(X),(X),(X),(X),(X),(X),(X),(X),35.1,(X),(X),(X),(X),(X),(X),(X),(X),(X),(X),(X),23.2,(X)
0500000US48453,48453,"Travis County, Texas",428889,4220,243468,4394,175222,4446,185421,4715,6.8,0.7,4.1,0.7,1.2,0.5,11.2,1.3,3.8,0.5,2.6,0.6,1.0,0.4,5.9,0.9,8.6,0.7,7.2,1.0,4.7,0.9,11.2,1.2,9.2,0.8,7.7,0.9,5.3,0.9,11.4,1.3,13.6,0.9,11.4,1.3,9.9,1.3,16.5,1.6,18.1,0.9,17.0,1.3,16.6,1.5,19.4,1.4,11.9,0.9,12.9,1.2,14.2,1.4,9.8,1.2,14.9,1.0,18.4,1.4,22.4,1.9,9.4,1.3,5.3,0.5,7.6,0.8,10.0,1.2,2.0,0.6,7.7,0.7,11.1,1.0,14.9,1.3,3.0,0.7,60464,1786,75071,2343,95141,2987,42586,1997,85541,2229,104635,3516,125651,4733,57912,2456,31.7,(X),(X),(X),(X),(X),(X),(X),(X),(X),32.6,(X),(X),(X),(X),(X),(X),(X),(X),(X),(X),(X),28.9,(X)
0500000US48469,48469,"Victoria County, Texas",32512,907,24378,1345,N,N,8134,1122,6.2,2.6,4.3,2.6,N,N,13.9,7.7,5.0,1.8,4.2,2.2,N,N,7.6,3.8,12.0,3.0,12.3,3.6,N,N,14.3,4.9,9.2,2.2,8.8,2.9,N,N,10.9,4.3,14.9,3.1,14.1,3.8,N,N,18.5,5.8,18.4,3.2,17.7,3.9,N,N,20.2,6.6,13.8,3.4,15.4,4.2,N,N,5.3,2.9,11.7,2.6,12.8,3.1,N,N,6.5,5.0,5.5,1.7,6.8,2.2,N,N,1.5,1.8,3.2,1.4,3.6,1.7,N,N,1.3,1.3,52304,3377,56979,6707,75458,8113,35846,2578,68151,4483,72586,4362,N,N,49238,11463,28.2,(X),(X),(X),(X),(X),(X),(X),(X),(X),28.8,(X),(X),(X),(X),(X),(X),(X),(X),(X),(X),(X),21.9,(X)
0500000US48471,48471,"Walker County, Texas",20440,1674,11374,1733,N,N,9066,1278,13.3,4.1,4.5,4.1,N,N,26.4,8.6,10.5,4.8,10.2,6.3,N,N,9.3,6.7,11.4,3.9,6.8,4.1,N,N,18.2,7.0,12.9,3.6,10.2,4.5,N,N,16.3,6.0,10.6,3.4,9.6,5.0,N,N,10.3,4.8,17.9,5.1,24.2,7.8,N,N,10.0,6.0,13.4,5.1,20.6,8.4,N,N,4.7,3.6,5.1,2.7,6.4,4.6,N,N,3.0,2.5,1.7,1.9,3.1,3.4,N,N,0.0,2.0,3.2,1.9,4.2,2.9,N,N,1.8,2.3,38369,8172,57440,5176,68503,9704,22782,5117,54562,7709,71451,12851,N,N,32564,6538,36.0,(X),(X),(X),(X),(X),(X),(X),(X),(X),39.9,(X),(X),(X),(X),(X),(X),(X),(X),(X),(X),(X),28.1,(X)
0500000US48479,48479,"Webb County, Texas",68696,1627,57574,1938,37772,2325,11122,1464,14.5,1.8,12.3,2.0,6.7,2.0,32.0,6.3,7.2,1.4,6.6,1.5,4.7,1.5,10.6,3.5,12.5,2.0,12.2,1.9,12.1,2.5,14.0,5.4,10.9,1.7,11.1,1.8,10.3,2.4,8.2,4.1,15.6,2.4,16.3,2.6,16.9,3.0,10.3,4.4,15.5,2.2,16.0,2.4,16.3,2.5,12.4,5.9,10.4,1.8,11.0,2.0,12.7,2.8,8.5,4.9,9.0,1.8,9.4,2.0,12.8,3.0,3.6,2.2,2.6,1.1,3.0,1.3,4.4,2.0,0.0,1.7,1.9,0.6,2.1,0.7,3.1,1.1,0.3,0.6,39991,2637,42773,2237,49285,3270,20899,2964,53207,2962,56223,3403,66756,4934,32068,4105,26.8,(X),(X),(X),(X),(X),(X),(X),(X),(X),27.5,(X),(X),(X),(X),(X),(X),(X),(X),(X),(X),(X),20.8,(X)
0500000US48485,48485,"Wichita County, Texas",49809,1571,32369,1769,N,N,17440,1717,8.4,2.2,8.5,2.5,N,N,12.7,3.6,6.9,1.7,3.7,2.0,N,N,14.9,4.0,14.4,2.9,10.8,3.1,N,N,23.5,4.9,12.0,2.3,10.8,2.9,N,N,14.8,4.0,13.5,2.5,12.7,3.2,N,N,11.0,3.4,21.0,2.8,21.2,3.4,N,N,15.8,5.1,9.6,1.9,13.2,2.8,N,N,2.6,2.0,8.8,2.2,11.1,2.7,N,N,4.0,2.3,3.2,1.2,4.4,1.8,N,N,0.9,1.0,2.3,1.0,3.5,1.5,N,N,0.0,1.1,43525,3740,54100,4284,71083,4072,24534,2765,56642,3607,66856,5108,N,N,33510,3382,31.7,(X),(X),(X),(X),(X),(X),(X),(X),(X),31.2,(X),(X),(X),(X),(X),(X),(X),(X),(X),(X),(X),31.1,(X)
0500000US48491,48491,"Williamson County, Texas",161887,2119,118403,3140,94657,3446,43484,2669,4.0,0.9,2.8,0.9,1.4,0.6,8.3,2.2,2.4,0.5,1.3,0.4,0.8,0.5,5.5,1.8,6.8,1.1,4.2,0.9,2.2,0.7,15.2,2.7,7.4,1.2,6.8,1.2,4.7,1.1,10.2,2.3,12.8,1.2,9.4,1.4,7.1,1.3,21.7,3.4,19.8,1.8,19.2,2.2,18.7,2.3,20.6,3.1,14.9,1.4,17.0,1.8,19.1,2.2,8.1,2.0,18.0,1.5,21.9,1.9,25.2,2.3,7.4,2.2,7.7,1.0,9.5,1.4,11.7,1.7,1.9,1.3,6.1,0.9,8.0,1.3,9.2,1.5,1.0,0.7,70911,1567,83716,3239,94619,3420,42228,2131,87513,2695,99626,3426,N,N,51250,3678,23.3,(X),(X),(X),(X),(X),(X),(X),(X),(X),24.8,(X),(X),(X),(X),(X),(X),(X),(X),(X),(X),(X),17.9,(X)
0500000US49005,49005,"Cache County, Utah",35232,1119,26572,1280,N,N,8660,1207,5.0,1.6,2.8,1.4,N,N,12.9,6.0,4.2,1.5,2.5,1.2,N,N,9.8,4.8,12.7,2.3,7.8,2.3,N,N,26.2,7.3,13.1,2.9,12.5,3.0,N,N,16.1,5.3,16.5,2.8,17.1,3.4,N,N,16.3,6.1,20.2,3.0,22.8,3.5,N,N,11.5,4.1,13.3,2.3,15.7,2.6,N,N,4.8,3.8,11.4,1.9,14.0,2.3,N,N,2.4,2.1,1.9,0.8,2.5,1.1,N,N,0.0,1.6,1.7,0.8,2.3,1.0,N,N,0.0,1.6,48587,3267,56918,4480,61314,4083,25569,3626,61373,3659,70350,4727,N,N,32020,3213,22.6,(X),(X),(X),(X),(X),(X),(X),(X),(X),19.5,(X),(X),(X),(X),(X),(X),(X),(X),(X),(X),(X),31.5,(X)
0500000US49011,49011,"Davis County, Utah",96480,1582,78443,2599,66800,3076,18037,2274,3.5,1.1,1.8,0.7,0.9,0.5,12.2,4.8,3.1,0.9,1.8,0.8,1.1,0.6,8.2,3.2,6.0,1.2,4.6,1.2,3.0,0.9,12.8,3.9,6.4,1.2,5.6,1.3,4.9,1.4,10.0,2.9,12.4,1.7,12.0,1.7,10.5,1.8,19.8,4.7,22.3,2.4,22.5,2.5,23.0,2.7,20.4,5.2,18.4,1.9,19.9,2.1,21.9,2.4,8.0,3.0,18.8,1.9,21.4,2.2,23.4,2.5,7.3,3.4,5.2,1.1,5.8,1.3,6.2,1.5,0.9,1.1,3.8,0.8,4.5,0.9,5.2,1.1,0.2,0.4,70335,2668,76409,2046,81448,1616,40184,5963,82813,3116,89054,2966,N,N,49280,9379,27.9,(X),(X),(X),(X),(X),(X),(X),(X),(X),28.2,(X),(X),(X),(X),(X),(X),(X),(X),(X),(X),(X),25.0,(X)
0500000US49035,49035,"Salt Lake County, Utah",348179,3009,247481,4175,192260,4734,100698,3352,4.4,0.6,2.8,0.6,1.1,0.3,9.5,1.5,3.8,0.5,2.3,0.6,1.1,0.5,8.8,1.3,8.8,0.8,6.4,0.9,3.8,0.8,16.2,1.7,8.7,0.7,8.2,0.8,6.3,0.8,11.3,1.5,13.4,1.0,11.6,1.0,10.7,1.0,16.9,1.9,19.9,1.1,21.1,1.2,21.4,1.3,17.0,1.8,15.3,0.9,16.9,1.2,18.7,1.3,9.6,1.4,14.6,0.7,17.6,0.9,21.1,1.2,6.5,1.1,5.4,0.5,6.3,0.7,7.5,0.8,2.3,0.7,5.5,0.5,6.9,0.7,8.3,0.8,1.9,0.7,61775,850,71919,1706,80933,1664,38203,3037,80940,1607,91095,2239,101829,2640,51926,2733,28.8,(X),(X),(X),(X),(X),(X),(X),(X),(X),29.8,(X),(X),(X),(X),(X),(X),(X),(X),(X),(X),(X),24.4,(X)
0500000US49049,49049,"Utah County, Utah",146644,1653,119683,2438,103251,2551,26961,2157,5.2,0.7,3.2,0.7,1.9,0.6,14.8,3.2,4.4,0.8,3.2,0.8,2.7,0.7,9.7,2.6,7.8,0.9,6.4,1.0,5.9,1.1,14.6,2.7,8.9,1.2,8.1,1.2,6.7,1.0,14.8,3.2,14.6,1.1,14.3,1.3,13.5,1.2,14.9,3.4,20.0,1.4,20.9,1.7,21.1,1.7,15.2,3.3,16.0,1.3,17.4,1.4,18.9,1.6,9.1,2.7,15.4,1.2,17.5,1.3,19.3,1.5,4.7,2.1,4.1,0.6,4.7,0.8,5.3,0.9,1.1,1.1,3.6,0.6,4.1,0.7,4.7,0.8,1.2,0.9,60172,1974,66223,2433,72140,2196,32015,3111,75172,2144,81569,2239,N,N,44250,4721,28.3,(X),(X),(X),(X),(X),(X),(X),(X),(X),26.1,(X),(X),(X),(X),(X),(X),(X),(X),(X),(X),(X),36.3,(X)
0500000US49053,49053,"Washington County, Utah",49394,1851,37713,2140,N,N,11681,1520,6.5,1.9,4.5,1.8,N,N,13.1,5.8,3.6,1.1,2.8,1.1,N,N,7.1,3.1,11.4,2.3,8.4,2.2,N,N,21.1,6.7,11.2,2.4,12.1,2.9,N,N,9.5,3.8,16.3,2.9,14.4,2.9,N,N,22.9,6.8,18.5,2.6,20.6,3.1,N,N,11.3,4.7,14.6,2.9,16.4,3.4,N,N,6.8,3.9,12.0,2.5,14.2,3.2,N,N,4.5,2.7,2.8,1.3,3.4,1.7,N,N,1.1,1.0,3.1,1.4,3.3,1.6,N,N,2.5,3.0,51063,3570,58024,3956,64446,6848,33695,9925,66145,4618,70825,5142,N,N,49178,12623,28.6,(X),(X),(X),(X),(X),(X),(X),(X),(X),27.2,(X),(X),(X),(X),(X),(X),(X),(X),(X),(X),(X),32.0,(X)
0500000US49057,49057,"Weber County, Utah",79829,1487,59255,2105,45550,2109,20574,1774,5.8,1.2,3.1,1.4,0.6,0.6,15.1,3.8,4.2,1.0,2.7,1.1,1.6,1.0,9.9,3.2,9.5,1.6,7.8,1.8,5.8,1.6,16.3,3.6,11.0,1.8,9.1,1.8,7.4,1.8,14.7,3.1,15.1,2.1,15.3,2.4,14.5,2.6,16.2,3.8,21.3,1.9,22.2,2.4,23.4,2.8,16.9,3.9,15.3,2.2,17.5,2.6,19.2,3.1,7.2,3.2,11.9,1.6,14.9,2.2,18.0,2.8,2.3,1.4,3.4,0.8,4.4,1.0,5.8,1.3,0.3,0.5,2.5,0.7,2.9,0.8,3.8,1.1,1.1,1.1,53809,1974,61701,3122,71605,2944,29761,4072,64933,2103,72641,2396,N,N,39121,4504,27.1,(X),(X),(X),(X),(X),(X),(X),(X),(X),27.7,(X),(X),(X),(X),(X),(X),(X),(X),(X),(X),(X),23.6,(X)
0500000US50007,50007,"Chittenden County, Vermont",62927,1239,38004,1657,N,N,24923,1688,6.5,1.8,3.5,2.0,N,N,11.1,3.6,5.4,1.5,1.9,1.2,N,N,10.9,3.3,9.2,1.8,3.8,1.3,N,N,18.1,3.9,7.7,1.5,4.7,1.6,N,N,12.3,3.1,11.3,2.0,10.7,2.3,N,N,12.8,2.9,15.8,2.0,15.8,2.3,N,N,15.8,3.9,14.4,2.5,18.4,3.1,N,N,8.8,2.9,16.9,2.3,23.4,3.3,N,N,6.2,2.4,6.8,1.4,9.6,2.3,N,N,2.6,1.6,5.9,1.3,8.3,2.0,N,N,1.4,0.9,64958,5982,87235,4964,97889,6248,33046,4037,84108,5517,105916,7927,N,N,48565,5448,21.1,(X),(X),(X),(X),(X),(X),(X),(X),(X),20.5,(X),(X),(X),(X),(X),(X),(X),(X),(X),(X),(X),21.9,(X)
0500000US51003,51003,"Albemarle County, Virginia",39022,1279,25853,1583,N,N,13169,1507,6.3,2.3,5.3,2.6,N,N,9.6,4.9,2.5,1.2,1.1,1.0,N,N,5.1,3.1,5.3,1.7,3.4,2.1,N,N,10.4,4.2,9.2,2.4,6.7,2.7,N,N,15.1,4.6,10.5,1.9,5.3,2.0,N,N,18.9,4.2,20.3,2.8,17.7,3.6,N,N,25.9,6.0,13.0,3.0,16.8,4.1,N,N,5.8,3.1,15.9,2.7,19.8,3.5,N,N,6.1,2.4,8.2,1.9,12.5,3.3,N,N,1.2,1.0,8.8,2.1,11.4,3.0,N,N,1.9,1.8,70312,3366,88631,13181,101286,10820,42262,4221,93001,5367,112668,8433,N,N,50740,6714,33.1,(X),(X),(X),(X),(X),(X),(X),(X),(X),31.5,(X),(X),(X),(X),(X),(X),(X),(X),(X),(X),(X),35.8,(X)
0500000US51013,51013,"Arlington County, Virginia",98973,2218,48136,2472,37485,2477,50837,2826,4.3,1.2,4.0,2.0,1.4,1.0,5.2,1.8,1.8,0.7,1.9,1.0,1.4,0.8,1.6,1.1,4.6,1.1,3.8,1.7,1.7,1.6,5.0,1.5,4.5,1.2,4.1,1.6,3.8,1.8,4.9,1.6,5.6,1.2,4.5,1.9,2.4,1.3,7.6,1.7,12.5,1.4,7.9,2.0,7.2,2.1,16.3,2.6,14.0,1.8,10.1,2.4,9.3,2.4,18.0,2.6,20.0,2.1,16.3,2.7,16.4,2.6,23.3,3.2,12.2,1.8,14.3,3.0,15.2,3.1,10.6,2.1,20.5,1.5,33.1,2.8,41.2,3.4,7.5,1.9,102501,3666,142161,8834,170779,9554,88241,4715,141295,5983,184545,10976,N,N,98077,4839,21.9,(X),(X),(X),(X),(X),(X),(X),(X),(X),23.9,(X),(X),(X),(X),(X),(X),(X),(X),(X),(X),(X),19.2,(X)
0500000US51015,51015,"Augusta County, Virginia",26961,1007,19214,1277,N,N,7747,1081,4.4,2.1,2.8,1.6,N,N,10.3,6.4,4.8,1.8,0.8,0.7,N,N,14.8,5.8,7.6,2.7,4.7,2.7,N,N,14.9,7.0,8.2,3.1,8.2,3.7,N,N,10.0,6.2,18.5,4.2,17.5,4.8,N,N,20.7,8.5,19.9,3.9,21.7,4.7,N,N,15.1,6.9,15.4,3.4,17.2,4.5,N,N,7.2,5.1,11.2,3.4,15.7,4.9,N,N,0.8,1.4,5.2,2.9,6.2,3.6,N,N,2.7,3.4,4.8,2.1,5.1,2.6,N,N,3.5,3.6,55284,3534,63141,9057,79237,10335,35004,6538,87705,15037,94276,15308,N,N,68564,34252,37.6,(X),(X),(X),(X),(X),(X),(X),(X),(X),38.0,(X),(X),(X),(X),(X),(X),(X),(X),(X),(X),(X),36.6,(X)
0500000US51019,51019,"Bedford County, Virginia",27955,1236,21157,1149,N,N,6798,984,4.8,1.9,3.4,1.9,N,N,10.9,5.1,5.7,2.9,3.0,2.4,N,N,14.3,8.9,8.3,2.3,4.0,1.6,N,N,22.4,8.5,11.4,3.5,9.0,3.4,N,N,17.1,7.5,12.7,3.1,12.6,3.9,N,N,19.3,7.2,20.9,3.9,24.8,5.1,N,N,10.8,5.1,13.8,3.5,15.5,4.4,N,N,2.9,2.9,15.2,3.7,19.1,4.7,N,N,0.0,2.4,3.4,2.1,4.2,2.7,N,N,0.9,1.6,3.7,1.6,4.4,2.0,N,N,1.4,1.6,57000,5448,66389,9041,74779,9588,26487,6986,72091,7085,82240,8339,N,N,36052,8209,26.4,(X),(X),(X),(X),(X),(X),(X),(X),(X),26.0,(X),(X),(X),(X),(X),(X),(X),(X),(X),(X),(X),26.7,(X)
0500000US51041,51041,"Chesterfield County, Virginia",115675,1984,80807,3089,63108,3189,34868,2650,4.0,1.1,2.7,1.0,1.3,0.8,7.3,2.8,2.8,0.6,1.6,0.6,1.1,0.6,6.1,2.0,6.7,1.2,4.0,1.3,2.3,1.2,12.8,2.8,8.4,1.3,5.9,1.4,4.4,1.5,15.4,3.4,14.1,1.8,11.8,1.9,8.8,2.0,20.4,3.7,20.7,1.6,20.6,2.2,20.1,2.3,19.8,3.6,15.0,1.7,17.2,1.8,18.3,2.0,9.1,2.4,15.1,1.6,18.5,1.9,22.0,2.3,6.6,2.2,7.0,1.2,9.5,1.7,12.0,2.1,1.2,0.8,6.3,1.0,8.2,1.3,9.6,1.7,1.3,0.8,66881,2371,80083,3865,91103,3147,40507,3283,86689,3613,100449,4954,N,N,51776,4438,37.6,(X),(X),(X),(X),(X),(X),(X),(X),(X),36.6,(X),(X),(X),(X),(X),(X),(X),(X),(X),(X),(X),39.4,(X)
0500000US51059,51059,"Fairfax County, Virginia",391784,2787,278075,4694,223889,4660,113709,4020,3.0,0.5,1.8,0.4,0.8,0.4,6.7,1.4,1.3,0.3,0.9,0.3,0.9,0.4,2.3,0.7,3.0,0.4,2.5,0.5,1.7,0.4,4.8,1.2,4.1,0.6,3.9,0.6,3.0,0.7,5.1,1.0,7.0,0.7,6.1,0.7,4.7,0.7,10.1,1.4,13.6,0.8,11.2,0.9,9.2,0.9,19.2,2.0,12.2,0.8,10.9,1.0,9.3,0.9,15.3,1.6,21.3,1.0,21.3,1.2,22.3,1.2,21.1,1.8,14.2,0.8,16.2,0.9,18.1,1.0,8.2,1.2,20.3,0.8,25.2,1.0,29.9,1.3,7.1,1.0,111079,2434,128066,4037,144470,3490,77054,2822,138989,2594,155667,3109,171826,3655,92889,3341,24.4,(X),(X),(X),(X),(X),(X),(X),(X),(X),25.0,(X),(X),(X),(X),(X),(X),(X),(X),(X),(X),(X),21.5,(X)
0500000US51061,51061,"Fauquier County, Virginia",23219,877,17825,1124,N,N,5394,965,3.1,1.9,2.7,2.3,N,N,5.5,3.6,0.7,0.5,0.9,0.7,N,N,0.0,3.0,8.0,2.8,6.7,3.2,N,N,12.1,6.7,6.8,2.2,3.7,2.2,N,N,15.6,5.8,11.1,2.9,10.9,3.1,N,N,16.0,6.9,16.4,2.8,14.3,3.0,N,N,19.1,7.6,10.8,2.6,10.6,2.8,N,N,12.1,5.8,21.3,3.3,24.3,4.2,N,N,11.5,6.0,9.7,2.5,11.4,3.2,N,N,3.3,2.9,12.2,2.8,14.5,3.4,N,N,4.7,4.3,82823,5800,100276,11704,115758,12853,52850,11471,107625,8847,118980,11225,N,N,67685,9595,35.2,(X),(X),(X),(X),(X),(X),(X),(X),(X),36.0,(X),(X),(X),(X),(X),(X),(X),(X),(X),(X),(X),30.5,(X)
0500000US51069,51069,"Frederick County, Virginia",29643,1070,22681,1435,N,N,6962,1187,1.9,1.0,1.6,1.3,N,N,5.2,3.1,3.0,1.7,1.2,1.2,N,N,9.6,5.6,5.9,2.2,4.4,2.2,N,N,12.1,7.0,10.0,2.9,8.1,3.0,N,N,14.5,5.6,13.2,2.9,10.4,2.9,N,N,22.9,9.2,22.7,3.7,22.9,3.9,N,N,19.7,7.8,17.3,3.5,19.9,4.3,N,N,7.6,4.6,15.2,2.8,19.1,3.8,N,N,2.5,2.1,5.5,2.1,5.5,2.0,N,N,5.3,6.9,5.3,2.1,6.8,2.7,N,N,0.6,0.9,69332,3353,76173,3879,78544,3962,37053,5769,81655,6286,90655,7897,N,N,49285,9638,23.4,(X),(X),(X),(X),(X),(X),(X),(X),(X),25.0,(X),(X),(X),(X),(X),(X),(X),(X),(X),(X),(X),17.2,(X)
0500000US51085,51085,"Hanover County, Virginia",37791,797,28773,1322,N,N,9018,1243,1.4,0.7,0.8,0.6,N,N,3.7,2.2,3.5,1.4,1.3,1.0,N,N,10.6,4.6,7.3,2.2,5.3,2.4,N,N,13.6,4.4,6.5,1.6,4.6,1.7,N,N,13.5,5.1,14.0,2.7,12.9,3.0,N,N,18.0,6.9,16.1,2.5,15.7,3.0,N,N,19.0,6.0,15.5,2.7,17.6,3.0,N,N,8.2,4.8,20.3,2.7,23.8,3.6,N,N,8.3,4.4,10.5,2.2,12.2,2.6,N,N,3.6,2.7,4.9,1.4,5.9,1.9,N,N,1.6,1.7,77424,7041,90264,6679,99931,4996,41243,4873,89537,4577,99703,5701,N,N,53841,6320,39.8,(X),(X),(X),(X),(X),(X),(X),(X),(X),39.2,(X),(X),(X),(X),(X),(X),(X),(X),(X),(X),(X),40.7,(X)
0500000US51087,51087,"Henrico County, Virginia",123334,2210,76060,3141,52187,2594,47274,2904,6.1,1.2,4.4,1.3,0.7,0.5,9.8,2.6,3.9,0.9,2.8,1.3,0.9,0.8,6.2,1.8,8.4,1.5,5.3,1.7,3.2,1.1,13.5,2.8,9.0,1.3,5.8,1.3,3.2,1.1,14.3,2.8,13.8,1.6,12.2,2.5,8.4,2.4,17.1,2.6,19.3,1.6,20.7,2.2,19.7,2.8,16.2,2.4,12.1,1.3,12.7,1.8,14.5,2.5,10.8,2.3,16.2,1.5,20.9,2.2,27.7,3.0,7.9,2.1,4.8,0.9,6.8,1.2,9.4,1.8,1.6,1.2,6.3,0.9,8.5,1.4,12.2,2.1,2.6,1.2,59944,2113,73288,4429,98676,5333,40599,3172,78987,2348,93625,3867,N,N,53808,4114,29.7,(X),(X),(X),(X),(X),(X),(X),(X),(X),29.8,(X),(X),(X),(X),(X),(X),(X),(X),(X),(X),(X),28.6,(X)
0500000US51095,51095,"James City County, Virginia",27484,1315,19495,1465,N,N,7989,1523,2.0,1.2,0.6,0.7,N,N,5.5,3.7,3.2,1.9,0.7,0.9,N,N,9.5,6.2,6.8,3.2,7.8,4.9,N,N,8.6,4.9,6.7,2.4,4.0,2.5,N,N,13.7,5.8,12.4,3.6,9.7,3.7,N,N,15.5,6.5,19.6,4.0,20.0,4.9,N,N,20.3,8.6,11.3,3.5,13.3,4.5,N,N,4.5,4.3,21.4,4.6,25.7,6.0,N,N,11.0,5.1,9.6,3.1,9.9,3.3,N,N,8.2,8.6,6.9,2.0,8.3,2.5,N,N,3.3,3.0,73632,6813,84720,13764,105049,9279,47842,9877,94317,7250,104492,10048,N,N,66314,12775,29.6,(X),(X),(X),(X),(X),(X),(X),(X),(X),28.7,(X),(X),(X),(X),(X),(X),(X),(X),(X),(X),(X),31.8,(X)
0500000US51107,51107,"Loudoun County, Virginia",112749,1291,86569,2218,72479,2293,26180,2061,1.8,0.5,1.3,0.6,0.2,0.3,4.9,1.6,0.9,0.4,0.8,0.5,0.3,0.3,2.0,1.1,3.9,0.9,2.0,0.9,1.2,0.7,10.4,2.8,2.5,0.7,1.9,0.6,1.6,0.7,3.9,1.6,6.8,1.3,5.7,1.3,4.4,1.2,11.4,2.9,12.2,1.5,11.4,1.7,8.4,1.6,18.1,3.4,11.4,1.6,10.6,1.8,10.1,1.9,14.2,3.1,25.4,1.9,25.0,2.1,26.5,2.4,22.6,4.1,15.9,1.4,18.6,1.7,20.5,1.9,7.3,2.5,19.2,1.3,22.8,1.7,26.8,1.9,5.2,2.1,116848,3677,129630,5888,143011,5465,73193,8922,135616,3727,147919,4596,N,N,88407,7798,26.9,(X),(X),(X),(X),(X),(X),(X),(X),(X),26.4,(X),(X),(X),(X),(X),(X),(X),(X),(X),(X),(X),24.9,(X)
0500000US51121,51121,"Montgomery County, Virginia",34883,1536,19133,1521,N,N,15750,1520,13.0,3.0,5.6,3.4,N,N,24.1,5.9,5.6,2.2,1.3,1.3,N,N,10.8,4.5,11.8,3.2,12.0,4.2,N,N,13.5,5.0,6.2,1.9,5.1,3.0,N,N,7.7,3.3,17.4,3.4,14.8,4.0,N,N,17.8,4.8,17.0,3.0,19.0,4.6,N,N,14.0,5.1,11.1,2.8,13.7,4.0,N,N,7.3,3.6,10.1,3.1,16.2,5.1,N,N,2.6,2.4,3.4,1.6,5.7,2.7,N,N,0.7,1.2,4.4,1.7,6.7,2.7,N,N,1.6,1.8,45679,5612,62339,9089,78137,10040,27986,9109,62014,4789,81211,7159,N,N,36916,6101,35.2,(X),(X),(X),(X),(X),(X),(X),(X),(X),27.9,(X),(X),(X),(X),(X),(X),(X),(X),(X),(X),(X),39.7,(X)
0500000US51153,51153,"Prince William County, Virginia",137636,1322,107091,2661,83977,3128,30545,2154,1.8,0.6,1.5,0.6,0.3,0.3,4.1,1.6,1.4,0.5,0.9,0.5,0.3,0.3,3.1,1.4,4.5,1.0,4.0,1.1,2.1,1.1,8.2,2.4,4.9,1.1,4.4,1.3,3.9,1.3,7.2,2.2,9.1,1.1,8.6,1.4,6.1,1.3,13.1,2.7,16.6,1.7,14.7,1.8,13.1,1.8,23.4,4.1,13.8,1.4,13.0,1.6,12.4,1.7,14.6,2.8,21.5,1.6,21.7,1.7,24.2,1.9,17.5,3.9,13.7,1.3,16.4,1.6,19.7,1.9,3.8,1.4,12.7,1.2,14.7,1.5,17.8,1.8,5.1,1.5,95268,5429,106139,4566,122658,5658,62112,5117,113520,2678,121207,2979,N,N,79125,4954,28.4,(X),(X),(X),(X),(X),(X),(X),(X),(X),28.8,(X),(X),(X),(X),(X),(X),(X),(X),(X),(X),(X),24.1,(X)
0500000US51161,51161,"Roanoke County, Virginia",38224,999,24906,1384,N,N,13318,1386,4.2,1.7,2.1,1.5,N,N,8.9,4.2,4.4,1.4,1.5,1.2,N,N,9.7,3.9,10.1,2.3,6.6,2.6,N,N,18.1,4.9,10.3,2.2,5.7,2.1,N,N,17.9,5.8,15.4,2.7,13.3,3.2,N,N,19.3,5.1,18.6,3.4,21.3,4.5,N,N,15.0,5.5,14.4,2.7,19.1,4.0,N,N,5.5,2.9,14.8,2.5,19.1,3.3,N,N,4.4,2.6,4.6,1.4,6.4,2.0,N,N,0.8,1.3,3.3,1.4,4.9,2.1,N,N,0.4,0.7,56400,4394,74410,5520,83890,7524,31493,4518,74129,5845,91150,8416,N,N,39974,4479,24.4,(X),(X),(X),(X),(X),(X),(X),(X),(X),23.8,(X),(X),(X),(X),(X),(X),(X),(X),(X),(X),(X),24.4,(X)
0500000US51165,51165,"Rockingham County, Virginia",28855,1176,21179,1290,N,N,7676,984,3.2,1.2,1.9,1.1,N,N,8.2,4.0,5.0,1.4,1.8,1.2,N,N,12.7,4.9,8.0,2.2,5.3,1.9,N,N,16.4,6.3,9.9,2.5,9.7,3.0,N,N,14.0,5.4,17.9,3.2,18.9,3.8,N,N,15.2,4.8,26.1,3.7,27.0,4.3,N,N,20.9,5.8,10.6,2.5,12.3,2.9,N,N,4.3,2.7,13.3,3.1,16.3,3.7,N,N,4.6,3.0,3.0,1.5,4.1,2.0,N,N,0.0,2.1,3.0,1.6,2.8,1.4,N,N,3.7,4.6,56074,2411,60477,3432,63455,3283,33268,6172,71963,9408,74301,5429,N,N,62972,34074,36.8,(X),(X),(X),(X),(X),(X),(X),(X),(X),35.3,(X),(X),(X),(X),(X),(X),(X),(X),(X),(X),(X),39.9,(X)
0500000US51177,51177,"Spotsylvania County, Virginia",42286,1055,33162,1441,N,N,9124,1132,3.0,1.2,1.1,0.9,N,N,9.6,4.4,2.2,0.8,2.2,1.0,N,N,3.6,2.3,6.0,1.6,4.9,1.6,N,N,11.4,4.9,8.0,2.1,6.8,2.0,N,N,14.3,5.7,10.6,2.1,8.9,2.1,N,N,16.6,5.1,21.5,2.8,20.8,3.0,N,N,23.2,6.5,14.8,2.3,16.2,2.8,N,N,10.7,4.3,19.0,2.8,22.3,3.2,N,N,6.8,2.9,8.3,1.3,9.1,1.7,N,N,3.2,2.1,6.6,1.4,7.6,1.5,N,N,0.6,1.2,71901,5083,81604,6493,92327,3662,44533,5789,89015,3460,96677,4214,N,N,52645,5729,27.3,(X),(X),(X),(X),(X),(X),(X),(X),(X),25.7,(X),(X),(X),(X),(X),(X),(X),(X),(X),(X),(X),26.0,(X)
0500000US51179,51179,"Stafford County, Virginia",43629,914,36396,1301,N,N,7233,1163,2.1,1.0,2.1,1.2,N,N,5.3,3.3,1.8,1.3,1.5,1.4,N,N,3.7,3.0,1.5,0.7,1.2,0.9,N,N,4.2,2.3,5.6,2.0,3.9,1.5,N,N,16.5,8.4,8.5,1.8,7.5,2.4,N,N,19.0,6.2,18.0,3.5,16.0,3.6,N,N,26.0,9.5,16.8,2.8,17.1,3.0,N,N,12.6,4.9,23.2,2.9,25.6,3.3,N,N,5.9,3.1,11.6,2.3,13.3,2.7,N,N,1.5,1.8,10.9,2.2,11.9,2.6,N,N,5.4,4.0,93454,5021,100813,4714,109324,4975,51088,5352,108050,5036,114527,5785,N,N,64254,10292,30.5,(X),(X),(X),(X),(X),(X),(X),(X),(X),29.4,(X),(X),(X),(X),(X),(X),(X),(X),(X),(X),(X),24.6,(X)
0500000US51199,51199,"York County, Virginia",24042,1009,17842,1338,N,N,6200,1017,2.8,1.7,2.5,2.1,N,N,3.7,3.1,2.8,1.6,2.1,1.9,N,N,5.0,3.4,5.0,2.1,3.8,2.2,N,N,10.3,5.3,6.7,2.5,4.4,2.4,N,N,12.6,6.1,11.1,3.6,9.2,3.9,N,N,18.5,7.8,20.9,3.5,16.8,3.3,N,N,32.7,10.3,14.4,3.7,16.9,4.5,N,N,7.5,4.6,20.0,4.1,23.9,5.1,N,N,6.2,4.9,9.1,2.2,11.9,3.0,N,N,2.4,3.7,7.1,2.1,8.7,2.7,N,N,1.0,1.8,78073,9600,92142,8962,103630,7303,49959,6084,94132,5720,106566,8296,N,N,55181,7254,25.8,(X),(X),(X),(X),(X),(X),(X),(X),(X),22.9,(X),(X),(X),(X),(X),(X),(X),(X),(X),(X),(X),33.0,(X)
0500000US51510,51510,"Alexandria city, Virginia",65595,1972,30510,1751,N,N,35085,2132,2.9,1.0,1.4,0.9,N,N,4.1,1.7,2.3,0.9,1.4,1.1,N,N,3.1,1.4,5.0,1.3,5.4,2.5,N,N,5.5,1.8,6.7,2.0,10.0,3.9,N,N,4.7,1.5,8.8,1.8,7.0,2.4,N,N,10.6,2.7,15.2,2.3,12.5,3.6,N,N,17.4,2.9,17.0,2.3,9.8,2.3,N,N,23.1,3.6,19.4,2.2,18.3,3.4,N,N,19.0,2.8,9.1,1.4,12.6,2.6,N,N,6.6,1.7,13.7,1.9,21.7,3.3,N,N,6.0,1.6,86775,6064,107793,10620,134615,8027,78110,3451,113562,5110,137961,8964,N,N,90416,5351,20.9,(X),(X),(X),(X),(X),(X),(X),(X),(X),25.4,(X),(X),(X),(X),(X),(X),(X),(X),(X),(X),(X),16.1,(X)
0500000US51550,51550,"Chesapeake city, Virginia",80014,1950,59910,1893,44423,2109,20104,2000,4.3,1.2,3.6,1.4,1.5,1.0,10.1,3.4,3.3,1.2,2.0,1.1,0.8,0.7,7.6,3.0,7.4,1.8,5.3,1.6,3.0,1.3,12.7,4.4,8.0,1.5,6.3,1.6,3.0,1.1,13.5,4.0,11.8,1.7,11.5,2.0,9.0,2.0,13.7,3.8,19.9,2.6,18.4,2.9,17.7,2.9,22.1,5.0,13.2,1.9,14.6,2.3,17.1,2.8,8.7,3.8,19.9,2.2,23.5,2.8,29.2,3.4,8.0,3.3,6.4,1.3,7.8,1.7,10.0,2.3,1.7,1.8,5.7,1.2,6.8,1.5,8.7,2.0,1.9,1.8,67252,4158,79821,6324,96521,4318,41413,4766,82181,3445,91613,4085,N,N,50517,5774,41.9,(X),(X),(X),(X),(X),(X),(X),(X),(X),40.4,(X),(X),(X),(X),(X),(X),(X),(X),(X),(X),(X),43.3,(X)
0500000US51650,51650,"Hampton city, Virginia",53255,1462,30993,2169,19572,2067,22262,2092,7.4,1.7,4.9,2.0,1.1,0.9,12.9,3.3,4.7,1.5,4.0,1.7,0.7,0.9,6.4,2.7,12.9,2.3,7.6,2.5,6.9,3.1,19.3,3.8,15.3,3.2,14.5,4.1,8.3,3.3,16.0,4.6,14.6,2.7,14.2,3.9,13.2,4.5,15.7,4.6,19.0,2.8,20.6,3.9,23.8,5.1,16.1,3.7,13.6,2.2,16.4,3.3,20.9,4.6,8.7,3.4,7.8,1.9,10.3,2.5,13.9,3.7,4.1,2.6,3.3,1.1,5.6,1.9,8.2,2.7,0.2,0.3,1.4,0.9,1.9,1.3,3.1,2.0,0.6,0.8,43785,3768,54888,3910,69638,6227,31826,2200,56601,2757,66675,4130,N,N,40853,4074,24.6,(X),(X),(X),(X),(X),(X),(X),(X),(X),24.7,(X),(X),(X),(X),(X),(X),(X),(X),(X),(X),(X),23.1,(X)
0500000US51680,51680,"Lynchburg city, Virginia",29631,1105,17700,1446,N,N,11931,1418,11.4,3.3,8.5,4.2,N,N,15.6,5.9,6.8,2.6,6.7,4.0,N,N,8.5,3.5,15.0,3.1,11.3,4.0,N,N,19.3,5.7,11.5,2.8,9.2,3.4,N,N,14.9,4.5,17.5,3.3,19.0,4.1,N,N,15.3,5.2,18.7,3.6,20.2,4.7,N,N,15.9,5.6,8.5,2.9,10.3,3.6,N,N,5.7,4.7,6.4,1.9,8.8,2.4,N,N,2.8,2.2,2.2,1.1,3.0,1.7,N,N,1.1,1.1,2.2,1.2,3.1,2.0,N,N,0.9,1.3,40477,2798,46648,5003,63159,5398,28982,4321,51892,4484,60630,7249,N,N,38563,5364,30.3,(X),(X),(X),(X),(X),(X),(X),(X),(X),33.9,(X),(X),(X),(X),(X),(X),(X),(X),(X),(X),(X),22.4,(X)
0500000US51700,51700,"Newport News city, Virginia",67538,1794,41207,2503,24838,2132,26331,2242,7.8,1.6,6.6,1.7,1.7,1.1,11.1,3.1,5.0,1.2,3.1,1.4,1.2,0.8,7.8,2.2,11.3,1.8,9.8,2.3,5.7,2.0,14.5,3.2,11.5,2.2,11.1,2.7,6.1,2.5,14.5,3.6,14.8,2.4,11.8,2.2,10.3,3.0,19.0,4.7,21.9,2.2,23.3,2.9,27.4,4.8,18.2,3.6,11.7,2.0,13.0,2.4,17.0,3.4,8.7,2.9,10.6,1.9,13.1,2.8,17.3,4.1,5.4,1.8,3.1,0.8,4.6,1.2,7.6,2.0,0.8,0.7,2.2,0.8,3.6,1.4,5.7,2.3,0.0,0.6,49184,4159,56275,2444,73271,3678,35766,2097,59765,2713,69373,3982,88314,6045,42109,2887,26.7,(X),(X),(X),(X),(X),(X),(X),(X),(X),29.1,(X),(X),(X),(X),(X),(X),(X),(X),(X),(X),(X),21.4,(X)
0500000US51710,51710,"Norfolk city, Virginia",85484,2393,48896,2683,29053,2245,36588,2449,9.9,1.6,6.4,1.9,1.4,1.0,14.9,2.4,7.4,1.3,5.2,1.5,1.1,0.9,10.2,2.3,13.2,1.7,11.6,2.1,4.9,2.0,16.7,2.8,11.8,1.5,12.4,2.1,9.7,2.3,12.3,2.6,14.0,1.7,13.1,2.2,14.7,2.6,14.3,2.8,19.2,1.7,20.5,2.5,22.8,3.3,16.4,2.6,10.2,1.4,11.9,1.9,16.6,2.9,7.5,2.1,8.9,1.2,11.4,1.8,17.4,2.7,5.1,1.6,2.9,0.6,3.8,0.9,6.0,1.4,1.4,0.8,2.6,0.7,3.5,1.0,5.5,1.7,1.3,0.7,44030,2482,50799,2098,71229,5137,31314,2073,58144,2435,67816,4000,N,N,43627,2973,36.6,(X),(X),(X),(X),(X),(X),(X),(X),(X),37.5,(X),(X),(X),(X),(X),(X),(X),(X),(X),(X),(X),33.4,(X)
0500000US51740,51740,"Portsmouth city, Virginia",36012,1208,23212,1623,12675,1441,12800,1507,9.9,2.1,8.6,2.3,3.1,1.9,13.5,4.5,5.3,1.9,3.9,1.7,1.0,1.0,7.8,4.2,11.8,2.5,11.7,3.4,7.7,3.5,13.3,3.5,13.9,3.0,13.8,3.5,8.6,3.7,15.9,5.6,15.1,2.8,12.3,3.3,13.0,4.4,21.8,5.5,20.2,3.2,21.2,3.7,26.5,5.3,14.6,4.8,11.3,2.7,12.9,3.2,19.4,5.4,8.2,4.1,7.9,2.0,10.4,2.9,14.3,4.4,1.7,1.3,2.6,0.9,2.3,1.1,4.3,2.1,3.0,1.9,2.0,1.0,2.9,1.5,2.3,1.6,0.3,0.6,43904,3427,49547,4284,64005,5622,34718,5558,54744,3225,59971,4174,N,N,42103,4185,46.9,(X),(X),(X),(X),(X),(X),(X),(X),(X),46.5,(X),(X),(X),(X),(X),(X),(X),(X),(X),(X),(X),46.2,(X)
0500000US51760,51760,"Richmond city, Virginia",88110,2051,41735,2378,20218,1759,46375,2375,13.6,1.9,9.9,2.4,2.0,1.1,17.9,3.1,7.2,1.3,4.8,1.8,1.1,1.0,9.6,2.2,11.6,1.3,11.4,2.3,4.4,1.9,12.4,2.1,12.0,1.8,10.3,2.5,8.0,2.7,14.3,2.5,15.6,1.7,16.4,2.7,12.9,3.3,14.5,2.3,16.3,2.3,16.2,3.3,17.5,4.7,15.5,2.8,8.6,1.2,9.5,2.5,14.0,4.5,7.1,1.6,8.9,1.5,11.5,2.3,20.5,4.3,5.9,1.6,2.3,0.6,3.4,1.1,6.5,2.1,1.4,0.5,4.0,0.8,6.6,1.5,13.2,3.1,1.5,0.7,39193,2535,46225,4532,83976,8551,31922,1784,60862,3217,75434,5119,117797,9636,45505,3894,32.9,(X),(X),(X),(X),(X),(X),(X),(X),(X),34.3,(X),(X),(X),(X),(X),(X),(X),(X),(X),(X),(X),30.0,(X)
0500000US51770,51770,"Roanoke city, Virginia",42759,1384,23721,1755,N,N,19038,1911,8.5,2.5,5.2,2.7,N,N,13.1,4.6,8.2,2.3,6.6,2.7,N,N,11.0,3.7,18.2,3.2,13.4,3.8,N,N,25.3,5.7,12.1,2.4,9.8,3.3,N,N,14.2,4.2,15.2,2.9,18.3,4.4,N,N,11.0,3.2,16.6,3.4,20.2,5.1,N,N,12.7,4.4,10.0,2.8,11.8,4.0,N,N,7.1,3.5,7.5,2.1,9.9,3.2,N,N,4.1,2.3,2.0,1.0,2.6,1.5,N,N,0.9,0.9,1.6,0.8,2.3,1.5,N,N,0.7,0.7,36651,2688,47302,5911,62655,10096,25458,3748,52151,3695,61770,5480,N,N,38347,4424,27.3,(X),(X),(X),(X),(X),(X),(X),(X),(X),28.5,(X),(X),(X),(X),(X),(X),(X),(X),(X),(X),(X),25.0,(X)
0500000US51800,51800,"Suffolk city, Virginia",30989,906,22495,1368,N,N,8494,1183,4.4,1.6,2.7,1.8,N,N,9.7,4.4,3.5,1.3,2.3,1.3,N,N,6.8,3.3,6.9,1.9,6.6,2.0,N,N,9.7,4.4,11.2,2.6,9.6,2.6,N,N,17.4,5.6,14.3,3.0,10.0,2.7,N,N,24.2,7.8,18.7,2.7,20.7,3.4,N,N,16.8,5.0,16.0,2.7,17.6,3.3,N,N,7.4,4.5,16.1,3.3,19.8,3.8,N,N,4.0,2.1,5.6,1.5,6.7,1.9,N,N,2.7,2.7,3.3,1.1,4.0,1.4,N,N,1.3,1.3,60637,5555,73093,4891,91496,4774,37950,6285,76740,4309,83519,4816,N,N,54448,10984,26.9,(X),(X),(X),(X),(X),(X),(X),(X),(X),27.7,(X),(X),(X),(X),(X),(X),(X),(X),(X),(X),(X),24.2,(X)
0500000US51810,51810,"Virginia Beach city, Virginia",165428,2329,113980,3344,82211,3099,51448,2987,3.6,0.7,2.7,0.8,0.6,0.3,6.3,1.7,3.4,0.7,2.1,0.8,0.7,0.4,6.9,1.9,6.2,0.9,4.3,0.8,2.1,0.7,11.9,1.9,9.4,1.1,6.4,1.1,5.0,1.2,16.1,2.6,14.4,1.5,13.3,1.4,9.0,1.2,18.5,2.9,21.9,1.8,21.5,2.2,20.7,2.7,20.9,2.8,14.4,1.4,15.8,1.7,18.2,1.9,10.0,2.3,15.8,1.3,19.8,1.6,25.3,2.0,5.8,1.4,6.0,0.9,7.7,1.2,10.3,1.6,1.8,0.8,5.0,0.8,6.4,1.1,8.3,1.4,1.7,0.7,62855,2638,74621,3496,91723,3701,41453,1558,83028,2703,94389,3659,N,N,54132,3583,25.6,(X),(X),(X),(X),(X),(X),(X),(X),(X),26.4,(X),(X),(X),(X),(X),(X),(X),(X),(X),(X),(X),22.3,(X)
0500000US53005,53005,"Benton County, Washington",68334,1186,48970,2124,36428,1951,19364,1735,5.4,1.4,4.8,1.9,1.3,0.8,11.6,4.0,2.7,0.9,2.6,1.3,0.7,0.6,4.2,1.8,10.8,2.1,8.6,2.3,4.8,1.9,15.8,4.1,7.5,1.4,6.0,1.6,4.4,1.5,12.0,3.4,15.1,1.8,14.0,2.1,10.8,2.4,18.9,3.9,20.2,2.2,18.7,2.4,21.7,2.9,20.8,4.9,13.3,2.0,15.1,2.5,18.2,2.9,6.1,2.9,14.6,1.9,17.6,2.2,22.6,3.0,6.1,2.8,5.6,1.2,6.9,1.6,8.7,2.0,2.3,1.4,4.9,1.2,5.6,1.5,6.8,1.8,2.3,1.6,58997,2392,66709,4913,82066,4064,40116,4966,76624,3570,83475,4354,N,N,52662,8025,24.2,(X),(X),(X),(X),(X),(X),(X),(X),(X),26.1,(X),(X),(X),(X),(X),(X),(X),(X),(X),(X),(X),18.7,(X)
0500000US53007,53007,"Chelan County, Washington",27665,1554,18601,1826,N,N,9064,1373,8.9,3.8,5.5,3.9,N,N,18.6,9.2,6.1,2.7,4.0,2.6,N,N,11.1,5.1,14.7,4.4,9.8,4.8,N,N,24.5,7.8,6.0,2.1,8.7,3.8,N,N,4.1,2.6,11.6,3.5,8.4,3.3,N,N,16.8,7.2,23.4,4.3,25.6,5.2,N,N,13.6,8.1,10.9,3.2,14.1,4.1,N,N,4.3,3.2,12.6,2.8,17.0,4.1,N,N,3.6,2.2,4.2,2.0,4.8,3.1,N,N,3.0,2.4,1.5,1.0,2.2,1.4,N,N,0.3,0.5,51101,2605,62207,7080,69565,8446,23502,3736,63122,6258,75470,8627,N,N,35718,5942,42.7,(X),(X),(X),(X),(X),(X),(X),(X),(X),40.9,(X),(X),(X),(X),(X),(X),(X),(X),(X),(X),(X),44.7,(X)
0500000US53009,53009,"Clallam County, Washington",30606,1037,18645,1654,N,N,11961,1576,8.8,2.6,4.7,2.0,N,N,18.6,5.9,5.0,2.0,2.6,1.3,N,N,9.4,4.5,10.5,2.9,6.1,2.5,N,N,16.6,5.0,14.3,2.8,11.4,3.4,N,N,19.1,5.1,16.3,2.9,15.8,3.9,N,N,17.9,5.2,21.1,3.6,25.6,4.6,N,N,10.7,3.4,9.3,2.0,13.5,2.8,N,N,1.8,1.7,10.7,2.2,14.9,3.7,N,N,4.0,2.3,2.2,1.2,3.0,1.9,N,N,0.7,0.7,1.9,0.8,2.4,1.2,N,N,1.0,1.1,46566,3259,56850,4431,67564,5530,28638,3376,58506,3722,69699,4505,N,N,37933,5933,25.8,(X),(X),(X),(X),(X),(X),(X),(X),(X),23.7,(X),(X),(X),(X),(X),(X),(X),(X),(X),(X),(X),26.5,(X)
0500000US53011,53011,"Clark County, Washington",158778,2011,111361,2990,84789,3182,47417,2537,5.0,0.9,3.9,1.0,1.1,0.5,9.4,2.0,4.5,1.0,2.7,0.8,1.7,0.7,9.1,2.3,8.5,1.1,5.9,1.0,3.8,0.9,15.4,2.6,9.1,1.0,8.2,1.1,7.5,1.4,11.3,2.3,15.1,1.3,13.1,1.1,11.2,1.3,19.8,2.9,20.4,1.5,21.6,1.7,22.3,1.9,17.8,2.5,14.0,1.4,15.6,1.5,17.9,1.6,9.9,2.2,14.6,1.3,18.5,1.6,21.5,2.0,4.1,1.1,4.7,0.7,5.9,0.9,7.6,1.2,0.9,0.5,4.1,0.7,4.6,0.8,5.5,1.0,2.5,1.1,57588,2105,67442,2151,77215,2185,38009,2253,73759,1821,82477,2298,N,N,49347,3858,26.2,(X),(X),(X),(X),(X),(X),(X),(X),(X),26.2,(X),(X),(X),(X),(X),(X),(X),(X),(X),(X),(X),23.3,(X)
0500000US53015,53015,"Cowlitz County, Washington",38483,1375,25521,1938,N,N,12962,1537,8.0,2.0,2.8,1.8,N,N,19.6,5.1,4.4,1.6,2.6,1.4,N,N,9.5,3.7,13.3,2.8,11.0,2.8,N,N,17.5,4.6,13.4,2.4,10.9,3.1,N,N,19.9,5.1,12.9,2.6,15.1,3.6,N,N,7.2,2.7,18.5,3.1,21.7,4.2,N,N,10.7,4.4,10.8,2.6,12.1,3.5,N,N,7.4,4.2,13.7,3.2,17.4,4.2,N,N,5.8,3.7,3.0,1.3,4.0,2.0,N,N,1.1,1.1,1.9,1.1,2.3,1.2,N,N,1.2,1.4,48417,3560,59725,4454,70021,5007,26363,2543,60777,4109,70573,5704,N,N,38528,4798,26.5,(X),(X),(X),(X),(X),(X),(X),(X),(X),25.2,(X),(X),(X),(X),(X),(X),(X),(X),(X),(X),(X),28.0,(X)
0500000US53021,53021,"Franklin County, Washington",24434,705,18827,1171,N,N,5607,1039,5.2,2.6,3.7,2.5,N,N,14.4,10.1,8.3,3.5,8.8,4.5,N,N,6.3,4.3,9.4,3.6,7.7,3.8,N,N,14.7,8.3,9.5,3.5,7.9,3.1,N,N,16.9,9.7,13.2,4.7,15.7,5.7,N,N,6.2,4.3,19.8,5.0,19.4,6.7,N,N,23.1,10.2,18.9,5.3,18.6,5.7,N,N,10.2,8.4,10.2,3.1,12.0,3.9,N,N,5.5,6.0,4.3,1.9,4.4,2.2,N,N,2.6,3.2,1.2,1.1,1.6,1.4,N,N,0.0,2.9,56631,8836,56313,11781,73677,6621,33691,18104,62091,3902,65029,5181,N,N,45044,9999,36.4,(X),(X),(X),(X),(X),(X),(X),(X),(X),36.2,(X),(X),(X),(X),(X),(X),(X),(X),(X),(X),(X),28.3,(X)
0500000US53025,53025,"Grant County, Washington",29888,1199,21951,1565,N,N,7937,1248,5.7,1.8,7.0,3.1,N,N,12.7,5.4,7.4,3.1,1.8,1.3,N,N,17.5,9.2,13.5,3.3,10.9,3.5,N,N,20.6,7.8,12.6,3.1,11.7,3.3,N,N,16.4,7.0,13.9,3.1,14.7,3.9,N,N,9.8,4.8,23.9,4.2,26.9,5.2,N,N,13.9,7.0,12.2,3.5,14.0,4.4,N,N,5.1,3.7,8.2,2.5,10.2,3.3,N,N,2.4,2.0,1.3,0.9,1.3,1.0,N,N,1.4,2.0,1.2,0.6,1.5,0.8,N,N,0.2,0.4,46728,4277,52547,4697,60934,2935,24022,7643,53693,3171,58909,4430,N,N,34728,5692,32.4,(X),(X),(X),(X),(X),(X),(X),(X),(X),32.9,(X),(X),(X),(X),(X),(X),(X),(X),(X),(X),(X),30.3,(X)
0500000US53027,53027,"Grays Harbor County, Washington",26815,1647,17709,1558,N,N,9106,1232,11.3,2.9,5.2,2.4,N,N,25.8,7.4,7.4,2.7,3.5,2.7,N,N,12.9,5.2,11.2,2.9,9.5,3.1,N,N,16.2,5.1,13.3,2.9,14.0,3.6,N,N,12.8,5.1,13.1,3.0,13.2,4.2,N,N,13.8,4.6,21.0,4.1,24.2,5.3,N,N,12.6,4.3,10.9,2.9,14.2,4.0,N,N,3.9,2.6,8.5,2.6,11.7,3.7,N,N,1.3,1.3,2.5,1.7,3.5,2.5,N,N,0.5,0.8,0.9,0.7,1.1,1.0,N,N,0.5,0.8,41315,4597,57712,8004,63816,4122,21787,3827,51932,4019,62161,4635,N,N,29953,4411,27.9,(X),(X),(X),(X),(X),(X),(X),(X),(X),31.0,(X),(X),(X),(X),(X),(X),(X),(X),(X),(X),(X),21.4,(X)
0500000US53029,53029,"Island County, Washington",32990,1646,21722,1786,N,N,11268,1200,6.4,2.1,3.7,1.9,N,N,12.4,4.8,4.5,1.9,1.3,1.1,N,N,11.4,5.4,8.7,2.2,5.5,2.7,N,N,14.1,4.6,11.7,2.7,10.1,3.1,N,N,15.2,5.0,16.1,3.0,16.3,3.8,N,N,17.0,5.2,17.7,3.2,19.1,4.2,N,N,14.7,5.5,13.8,2.8,15.5,3.3,N,N,8.6,3.9,13.3,2.7,17.4,3.8,N,N,5.0,3.6,4.2,1.7,6.4,2.6,N,N,0.0,1.4,3.7,1.4,4.8,2.2,N,N,1.7,1.4,51893,3484,64651,6887,72457,7544,32041,5011,72265,6303,84017,8565,N,N,48093,9049,29.7,(X),(X),(X),(X),(X),(X),(X),(X),(X),28.4,(X),(X),(X),(X),(X),(X),(X),(X),(X),(X),(X),30.4,(X)
0500000US53033,53033,"King County, Washington",819434,5599,489518,7548,383001,6881,329916,6754,5.9,0.4,3.1,0.5,0.9,0.2,11.0,0.9,3.3,0.3,2.4,0.4,1.2,0.2,5.2,0.5,7.1,0.5,5.1,0.6,3.0,0.5,10.6,0.9,7.8,0.4,5.3,0.6,3.9,0.5,11.4,0.8,11.5,0.6,9.4,0.6,7.8,0.6,14.9,1.1,16.1,0.6,14.9,0.7,14.3,0.8,17.7,1.1,12.4,0.6,13.3,0.7,13.9,0.8,11.1,0.8,17.0,0.6,20.3,0.7,23.1,0.9,11.3,1.0,8.9,0.5,11.9,0.7,14.1,0.9,4.1,0.6,9.9,0.5,14.4,0.8,17.7,0.9,2.8,0.4,71834,1072,92767,2256,107759,2412,46489,1255,98477,1772,120573,2898,137700,3213,62870,1646,24.6,(X),(X),(X),(X),(X),(X),(X),(X),(X),25.6,(X),(X),(X),(X),(X),(X),(X),(X),(X),(X),(X),21.6,(X)
0500000US53035,53035,"Kitsap County, Washington",97854,2164,65457,2658,52342,2337,32397,2619,5.7,1.1,4.0,1.2,1.8,1.0,11.1,2.8,3.9,1.0,2.1,0.9,1.4,0.8,7.0,2.3,7.7,1.4,5.4,1.3,3.0,1.1,13.1,3.1,9.2,1.7,7.7,2.0,5.4,1.8,13.1,3.3,12.1,1.7,10.2,1.8,9.9,2.1,15.5,3.5,19.0,2.1,19.6,2.4,20.0,2.8,18.2,3.8,14.8,1.7,16.3,2.0,17.4,2.4,10.3,2.8,17.9,1.9,22.0,2.7,25.8,3.2,8.7,2.8,5.6,1.2,7.2,1.5,8.8,1.9,1.7,1.1,4.2,0.8,5.4,1.2,6.5,1.4,1.5,0.9,62672,2671,76108,2969,85388,3863,39079,4495,79656,3147,90711,3732,N,N,53964,5900,22.0,(X),(X),(X),(X),(X),(X),(X),(X),(X),21.9,(X),(X),(X),(X),(X),(X),(X),(X),(X),(X),(X),21.1,(X)
0500000US53041,53041,"Lewis County, Washington",29040,1197,19550,1501,N,N,9490,1256,10.0,3.0,8.6,3.2,N,N,17.3,6.8,5.7,1.9,3.1,1.6,N,N,9.9,3.6,12.2,2.4,6.8,2.4,N,N,20.6,5.0,14.8,2.6,15.7,3.3,N,N,14.5,4.9,17.0,3.0,16.3,3.5,N,N,17.2,4.8,21.7,3.3,24.6,3.8,N,N,15.5,5.1,6.7,1.8,8.6,2.3,N,N,1.6,1.8,9.5,2.2,12.7,3.1,N,N,2.9,2.9,2.0,1.3,3.0,1.9,N,N,0.0,1.7,0.6,0.5,0.7,0.7,N,N,0.4,0.8,40601,2373,49518,4574,52781,3602,25993,3450,51715,4177,58174,3764,N,N,36418,8782,28.1,(X),(X),(X),(X),(X),(X),(X),(X),(X),29.9,(X),(X),(X),(X),(X),(X),(X),(X),(X),(X),(X),23.5,(X)
0500000US53053,53053,"Pierce County, Washington",302287,3450,202772,4626,150014,4169,99515,3888,6.6,0.7,4.0,0.7,1.1,0.3,12.9,1.8,4.7,0.7,2.7,0.6,1.6,0.5,9.1,1.7,8.6,0.9,6.2,0.8,3.4,0.7,15.3,2.0,9.3,0.9,8.0,1.0,7.2,1.3,12.8,1.6,12.7,0.9,11.7,1.0,10.0,1.0,15.1,1.9,20.1,1.1,21.0,1.4,21.7,1.8,17.6,1.7,14.0,1.0,16.3,1.2,18.4,1.4,8.3,1.4,15.3,1.0,19.0,1.4,22.5,1.7,6.1,1.2,4.8,0.5,6.3,0.7,7.9,1.0,1.7,0.5,3.7,0.5,4.8,0.7,6.2,0.9,1.1,0.4,57660,1731,70402,1825,81561,1984,34875,2307,72924,1692,84105,2407,96192,2852,46027,2253,28.3,(X),(X),(X),(X),(X),(X),(X),(X),(X),28.4,(X),(X),(X),(X),(X),(X),(X),(X),(X),(X),(X),25.9,(X)
0500000US53057,53057,"Skagit County, Washington",45234,1302,30638,1668,23152,1469,14596,1421,5.6,1.4,3.3,1.2,1.2,0.6,12.6,3.3,5.8,1.6,4.1,1.5,3.1,1.5,10.9,3.5,10.4,1.7,7.7,2.0,6.0,2.2,15.4,3.4,10.4,1.8,9.2,2.2,7.2,2.4,15.7,3.6,13.7,2.2,15.3,2.8,12.4,3.2,14.4,4.6,20.8,2.7,21.5,3.6,22.9,4.2,16.0,4.2,13.5,2.6,14.2,2.8,16.1,2.9,9.0,4.2,13.1,2.1,15.8,2.7,19.6,3.2,4.5,1.8,3.6,1.1,4.6,1.5,5.7,1.9,0.7,1.2,3.2,1.0,4.3,1.4,5.7,1.9,0.7,0.5,52448,2335,59792,5206,69310,5158,31471,3431,68632,4372,78865,6349,N,N,41173,4133,26.0,(X),(X),(X),(X),(X),(X),(X),(X),(X),22.8,(X),(X),(X),(X),(X),(X),(X),(X),(X),(X),(X),29.3,(X)
0500000US53061,53061,"Snohomish County, Washington",270616,3044,182921,3776,140544,4162,87695,3890,5.8,0.8,3.9,0.8,1.3,0.5,11.4,1.6,3.1,0.5,1.6,0.5,0.9,0.4,6.5,1.3,7.9,0.8,4.3,0.8,3.1,0.7,15.7,1.9,8.1,1.0,7.5,1.2,5.5,1.2,10.8,1.7,10.5,1.0,10.2,1.2,8.3,1.1,11.9,1.6,19.9,1.3,19.2,1.4,19.2,1.6,20.7,2.3,15.4,1.0,17.2,1.3,19.0,1.4,10.5,1.7,17.5,1.1,20.9,1.4,24.3,1.6,8.9,1.5,7.5,0.7,9.5,0.9,11.5,1.1,2.3,0.7,4.3,0.6,5.7,0.8,7.0,1.0,1.2,0.5,67394,1735,78584,2904,88794,2837,40847,2723,83094,2089,94753,2910,106621,3469,53444,2707,26.1,(X),(X),(X),(X),(X),(X),(X),(X),(X),26.8,(X),(X),(X),(X),(X),(X),(X),(X),(X),(X),(X),22.6,(X)
0500000US53063,53063,"Spokane County, Washington",186456,2137,114660,3507,86147,3381,71796,3426,9.6,1.3,5.3,1.2,1.6,0.6,17.5,2.7,5.0,0.8,2.0,0.5,1.0,0.5,10.2,1.7,12.1,1.3,7.8,1.0,5.2,1.2,20.0,2.7,11.2,1.2,10.3,1.5,8.6,1.9,13.1,1.9,14.3,1.3,14.2,1.4,13.1,1.6,15.1,2.2,18.3,1.2,21.3,1.4,23.0,1.9,12.5,1.8,12.4,1.2,15.4,1.7,18.4,2.1,6.5,1.6,11.1,1.0,16.0,1.5,19.3,1.8,3.1,1.1,3.7,0.8,4.8,0.9,6.3,1.3,1.5,0.9,2.1,0.4,2.9,0.6,3.6,0.8,0.6,0.4,47576,1817,61018,1921,71887,3968,26299,1834,61420,1883,74285,2473,85332,3035,38634,3148,29.4,(X),(X),(X),(X),(X),(X),(X),(X),(X),28.9,(X),(X),(X),(X),(X),(X),(X),(X),(X),(X),(X),28.3,(X)
0500000US53067,53067,"Thurston County, Washington",99815,2093,65486,2426,52198,2435,34329,2274,6.3,1.3,4.4,1.7,2.4,1.3,11.0,2.9,4.4,1.1,2.8,1.1,0.8,0.5,7.7,2.3,8.3,1.1,6.2,1.4,4.5,1.4,13.0,2.6,7.3,1.1,5.0,1.1,4.5,1.4,11.9,2.6,15.0,1.8,12.6,2.3,10.4,2.4,19.6,3.7,20.6,2.1,21.8,2.5,22.7,3.0,17.8,3.6,16.0,1.7,17.8,2.2,19.3,2.6,11.8,2.4,14.9,1.9,19.6,2.9,23.4,3.4,5.6,2.0,4.0,0.9,5.2,1.4,6.5,1.7,1.1,0.7,3.2,0.7,4.5,1.1,5.5,1.4,0.6,0.5,59785,2603,71751,3481,80416,2975,37388,3602,71766,2594,83814,4020,93838,4219,46697,3122,27.2,(X),(X),(X),(X),(X),(X),(X),(X),(X),25.6,(X),(X),(X),(X),(X),(X),(X),(X),(X),(X),(X),27.8,(X)
0500000US53073,53073,"Whatcom County, Washington",78330,2307,48102,2637,38154,2368,30228,2552,9.3,1.7,5.7,2.1,2.7,1.5,15.3,3.3,6.1,1.5,3.8,1.5,1.6,1.3,10.1,2.9,10.6,1.8,5.8,2.0,4.2,1.7,19.0,4.0,11.4,1.9,9.3,2.0,7.7,2.4,14.5,3.7,12.5,1.9,11.8,2.5,12.0,2.8,14.4,3.1,17.5,2.3,19.7,2.8,22.3,3.4,13.9,3.3,12.8,1.9,18.0,2.9,19.7,3.4,5.2,1.8,13.5,2.1,18.4,3.3,20.8,3.7,4.4,1.7,3.7,1.0,4.2,1.3,4.7,1.6,1.9,1.1,2.6,1.0,3.4,1.3,4.2,1.6,1.4,1.5,50186,4300,68096,5517,74574,3950,27863,3453,64236,3146,76924,4657,N,N,41223,4329,23.1,(X),(X),(X),(X),(X),(X),(X),(X),(X),22.9,(X),(X),(X),(X),(X),(X),(X),(X),(X),(X),(X),22.6,(X)
0500000US53077,53077,"Yakima County, Washington",79742,1363,56742,2272,39872,2382,23000,1941,6.9,1.2,5.5,1.6,2.2,1.0,13.5,3.4,5.9,1.3,3.2,1.0,2.0,0.9,12.9,4.0,13.8,2.2,11.2,2.2,8.3,2.3,21.0,5.2,13.9,1.9,15.7,2.7,11.0,2.0,13.1,4.0,17.5,2.3,16.7,2.2,19.4,3.0,17.2,5.0,20.0,2.5,21.5,2.9,24.1,3.3,13.6,3.6,10.6,1.6,12.2,2.2,14.9,2.6,4.6,2.0,8.5,1.4,10.3,1.8,13.0,2.5,3.8,2.4,1.3,0.5,1.9,0.9,2.8,1.3,0.0,0.7,1.6,0.7,1.7,0.8,2.4,1.1,0.2,0.3,41917,2075,47496,3389,56860,4776,27165,4910,53764,2515,59623,3279,N,N,34075,2739,29.9,(X),(X),(X),(X),(X),(X),(X),(X),(X),31.2,(X),(X),(X),(X),(X),(X),(X),(X),(X),(X),(X),23.1,(X)
0500000US54003,54003,"Berkeley County, West Virginia",41281,1392,28630,1811,N,N,12651,1719,7.2,2.0,7.0,3.2,N,N,11.8,4.7,2.7,1.1,1.3,1.2,N,N,7.3,3.4,10.1,2.7,6.0,2.3,N,N,16.9,6.3,8.6,2.4,7.7,2.9,N,N,9.5,3.9,14.7,2.7,14.3,3.5,N,N,18.2,5.6,24.5,3.9,26.1,4.8,N,N,21.9,6.8,14.3,2.9,16.3,3.4,N,N,6.7,3.8,11.1,2.7,12.4,3.4,N,N,5.6,2.7,4.8,1.6,6.0,2.2,N,N,2.1,2.3,1.9,0.9,2.8,1.3,N,N,0.0,1.2,55134,4834,60552,3909,70501,6216,41167,6676,65627,4684,73145,6551,N,N,43577,4999,39.5,(X),(X),(X),(X),(X),(X),(X),(X),(X),39.4,(X),(X),(X),(X),(X),(X),(X),(X),(X),(X),(X),33.6,(X)
0500000US54011,54011,"Cabell County, West Virginia",40095,1434,23556,1610,N,N,16539,1560,12.7,2.1,9.1,3.0,N,N,19.3,4.1,10.2,2.6,5.0,2.2,N,N,17.8,4.9,13.4,2.9,10.9,4.1,N,N,17.3,4.9,10.8,2.3,9.9,2.9,N,N,11.8,4.4,14.0,2.8,13.7,3.7,N,N,14.4,4.6,14.0,2.5,16.4,3.4,N,N,9.7,3.1,12.0,2.7,16.3,3.9,N,N,6.7,3.4,6.4,1.5,9.6,2.8,N,N,1.0,0.9,3.2,1.3,4.8,2.2,N,N,1.0,1.0,3.4,1.5,4.4,1.9,N,N,1.1,1.4,39019,5967,51171,4697,63932,7854,21842,3807,58258,6312,73572,9928,N,N,33271,4630,31.3,(X),(X),(X),(X),(X),(X),(X),(X),(X),31.1,(X),(X),(X),(X),(X),(X),(X),(X),(X),(X),(X),30.5,(X)
0500000US54033,54033,"Harrison County, West Virginia",27136,994,16665,1264,N,N,10471,1278,10.8,3.0,5.4,2.3,N,N,23.6,6.6,6.6,2.3,3.5,2.4,N,N,12.3,4.3,12.9,2.8,8.2,2.5,N,N,20.4,6.2,13.4,3.0,13.0,3.9,N,N,12.7,4.4,13.9,3.0,13.6,3.3,N,N,13.4,4.8,17.6,3.3,20.6,4.0,N,N,10.5,4.5,8.9,2.6,13.9,4.1,N,N,0.9,1.0,10.8,2.6,15.5,3.9,N,N,3.2,2.2,1.8,1.1,2.5,1.7,N,N,0.6,1.1,3.2,1.5,3.7,1.9,N,N,2.4,3.2,41698,3049,56479,5094,67523,9422,22231,3186,58964,5966,72005,8488,N,N,36118,9621,23.3,(X),(X),(X),(X),(X),(X),(X),(X),(X),24.3,(X),(X),(X),(X),(X),(X),(X),(X),(X),(X),(X),21.6,(X)
0500000US54039,54039,"Kanawha County, West Virginia",82199,1776,51547,2282,35507,2111,30652,2039,6.7,1.5,3.7,1.3,1.8,1.2,12.6,3.1,6.3,1.4,3.3,1.2,0.7,0.5,10.9,2.7,12.2,1.8,9.9,2.4,3.7,1.8,18.8,3.3,11.1,1.9,9.9,2.2,8.3,2.5,12.6,3.0,17.5,2.4,17.1,2.7,16.3,3.3,18.1,3.3,19.3,2.2,20.8,3.3,22.3,4.0,15.8,2.7,12.2,1.6,15.5,2.5,20.2,3.3,5.2,2.4,8.0,1.6,10.2,2.2,13.3,3.0,4.2,1.8,2.7,0.9,3.5,1.2,5.0,1.8,1.2,0.9,4.0,1.0,6.0,1.6,8.4,2.3,0.7,0.7,46325,1788,56950,3737,71428,4524,30933,2776,64115,3598,77011,5636,93587,7529,40568,3602,26.2,(X),(X),(X),(X),(X),(X),(X),(X),(X),24.3,(X),(X),(X),(X),(X),(X),(X),(X),(X),(X),(X),28.4,(X)
0500000US54061,54061,"Monongalia County, West Virginia",37766,1563,20160,1291,N,N,17606,1554,15.1,3.1,5.3,2.7,N,N,28.3,5.9,5.7,1.6,3.9,1.7,N,N,8.1,3.1,11.6,2.2,6.8,3.1,N,N,16.8,4.2,7.2,1.8,7.6,2.6,N,N,7.4,2.1,10.6,2.8,9.9,3.1,N,N,10.3,3.5,17.8,3.1,22.2,4.4,N,N,13.5,4.1,10.4,2.2,14.3,3.1,N,N,4.6,2.0,13.2,2.6,18.9,3.5,N,N,6.6,3.8,4.5,2.0,5.2,2.5,N,N,3.1,2.8,3.9,1.1,6.0,1.8,N,N,1.4,1.2,49534,5181,67699,5053,75805,5328,22709,4080,64382,4848,83836,6769,N,N,40028,5960,24.1,(X),(X),(X),(X),(X),(X),(X),(X),(X),22.1,(X),(X),(X),(X),(X),(X),(X),(X),(X),(X),(X),25.3,(X)
0500000US54081,54081,"Raleigh County, West Virginia",30875,1200,20295,1518,N,N,10580,1484,14.6,3.5,12.0,4.7,N,N,19.7,6.6,9.5,2.7,3.6,2.2,N,N,22.7,7.1,10.2,2.6,7.8,3.3,N,N,15.5,6.0,11.4,3.0,10.4,3.4,N,N,14.0,5.6,11.8,3.5,14.6,4.3,N,N,9.3,4.9,19.2,3.7,22.0,4.9,N,N,9.8,5.3,9.6,2.4,10.3,2.9,N,N,6.6,4.4,9.8,2.7,13.7,3.9,N,N,2.4,1.8,2.4,1.3,3.7,1.9,N,N,0.0,1.4,1.3,1.0,2.0,1.6,N,N,0.0,1.4,40178,3177,51147,5952,65736,3609,20181,5165,51581,3459,61664,5604,N,N,30010,4605,36.1,(X),(X),(X),(X),(X),(X),(X),(X),(X),36.2,(X),(X),(X),(X),(X),(X),(X),(X),(X),(X),(X),35.6,(X)
0500000US54107,54107,"Wood County, West Virginia",36202,919,22709,1566,N,N,13493,1295,8.6,1.9,5.7,2.1,N,N,15.9,4.1,6.6,1.7,4.6,1.9,N,N,9.8,3.3,15.8,2.9,9.9,2.9,N,N,25.7,6.2,9.9,2.2,10.5,2.8,N,N,10.2,3.2,17.6,3.1,18.5,3.7,N,N,15.6,5.3,19.5,2.6,22.9,3.9,N,N,11.7,4.0,9.2,1.9,12.3,2.7,N,N,2.8,2.3,8.2,2.2,9.6,2.3,N,N,6.0,4.1,3.5,1.2,4.8,1.7,N,N,1.4,2.0,1.1,0.6,1.2,0.8,N,N,0.8,0.9,41408,2162,50652,3074,58133,5442,24280,3944,53927,2840,61241,2888,N,N,39830,6930,36.7,(X),(X),(X),(X),(X),(X),(X),(X),(X),33.4,(X),(X),(X),(X),(X),(X),(X),(X),(X),(X),(X),39.4,(X)
0500000US55009,55009,"Brown County, Wisconsin",99703,1777,64455,2296,48761,2137,35248,2457,5.2,1.0,2.8,0.9,1.2,0.7,10.8,2.4,6.5,1.2,3.7,1.3,1.1,0.9,12.3,2.4,9.9,1.3,6.9,1.5,3.7,1.4,16.8,2.8,12.4,1.5,10.0,1.9,7.7,1.9,17.4,3.1,14.8,1.8,14.3,2.1,12.5,2.2,14.2,3.1,19.2,1.9,20.3,2.3,22.4,2.8,16.8,2.7,13.1,1.4,16.9,2.0,20.1,2.6,5.0,1.5,12.1,1.6,15.6,2.1,19.9,2.7,5.3,2.2,2.5,0.6,3.5,0.9,4.4,1.2,0.8,0.7,4.1,1.2,6.0,1.7,7.1,1.9,0.7,0.5,51160,2183,64820,3243,76225,2835,31007,1575,69349,4015,82982,5807,N,N,42201,4327,26.6,(X),(X),(X),(X),(X),(X),(X),(X),(X),25.2,(X),(X),(X),(X),(X),(X),(X),(X),(X),(X),(X),25.7,(X)
0500000US55025,55025,"Dane County, Wisconsin",212218,2076,119052,3307,94428,3127,93166,3565,6.6,0.9,2.7,0.9,0.8,0.5,12.2,1.8,3.9,0.7,1.2,0.5,0.4,0.3,7.6,1.5,8.2,0.8,4.8,1.1,2.0,0.7,13.0,1.5,9.8,1.0,6.6,1.1,4.9,1.2,14.2,1.7,13.5,1.2,10.2,1.3,8.7,1.3,17.6,2.0,19.3,1.4,20.6,1.8,20.2,1.9,17.7,2.2,12.3,1.0,14.5,1.4,15.9,1.7,8.9,1.4,14.9,1.1,21.6,1.7,25.0,1.8,5.7,1.0,6.3,0.8,9.4,1.2,11.4,1.5,2.1,0.8,5.2,0.7,8.5,1.1,10.6,1.4,0.9,0.4,60081,1450,81781,3498,94747,3585,37325,2694,79953,2493,103640,3909,117646,4741,48212,2484,22.8,(X),(X),(X),(X),(X),(X),(X),(X),(X),21.7,(X),(X),(X),(X),(X),(X),(X),(X),(X),(X),(X),23.2,(X)
0500000US55027,55027,"Dodge County, Wisconsin",31784,1133,20613,1338,17360,1150,11171,1153,5.3,1.6,1.5,1.0,1.5,1.1,12.2,3.8,5.7,1.6,2.8,1.4,2.0,1.3,11.2,3.4,11.5,2.2,5.5,1.7,4.8,1.6,22.4,5.2,9.4,1.9,8.1,2.4,7.3,2.4,12.2,3.5,16.3,2.3,17.9,3.1,15.5,3.1,16.8,4.4,22.2,2.7,25.5,3.0,25.9,3.5,15.1,4.6,14.7,2.1,19.5,2.9,21.8,3.4,5.3,2.6,12.9,2.1,16.1,2.7,18.0,3.0,4.6,3.2,1.3,0.5,1.9,0.7,2.1,0.8,0.2,0.3,0.8,0.5,1.2,0.7,1.1,0.6,0.1,0.2,51151,1838,63457,4366,68723,3708,27591,5795,58702,2692,69857,2923,N,N,35786,3426,30.0,(X),(X),(X),(X),(X),(X),(X),(X),(X),28.9,(X),(X),(X),(X),(X),(X),(X),(X),(X),(X),(X),31.8,(X)
0500000US55035,55035,"Eau Claire County, Wisconsin",39652,1078,23380,1376,N,N,16272,1460,5.3,1.5,1.6,1.1,N,N,11.5,3.6,4.8,1.7,1.1,0.9,N,N,10.8,4.0,13.1,2.8,6.1,2.2,N,N,23.7,6.1,12.3,2.7,7.8,2.0,N,N,21.1,5.9,15.4,2.6,16.0,3.4,N,N,14.2,4.1,19.4,2.8,22.2,3.4,N,N,12.5,4.2,11.8,2.4,16.9,3.1,N,N,4.0,3.1,12.3,2.2,19.1,3.3,N,N,1.7,1.5,3.4,1.3,5.9,2.2,N,N,0.0,0.6,2.3,1.0,3.4,1.6,N,N,0.5,0.7,49204,3436,70188,4449,77534,5869,25939,1754,62577,3399,81488,4309,N,N,33063,3457,26.6,(X),(X),(X),(X),(X),(X),(X),(X),(X),23.4,(X),(X),(X),(X),(X),(X),(X),(X),(X),(X),(X),29.2,(X)
0500000US55039,55039,"Fond du Lac County, Wisconsin",41202,1115,27776,1521,N,N,13426,1422,4.4,1.4,2.2,1.2,N,N,9.9,3.9,4.7,1.8,2.7,1.5,N,N,8.8,4.0,11.5,2.3,6.1,1.6,N,N,25.5,5.3,10.0,1.6,8.7,2.7,N,N,14.4,3.9,14.7,2.6,14.2,3.4,N,N,16.1,4.8,22.1,2.8,23.9,3.3,N,N,15.6,4.2,15.3,2.3,19.2,2.9,N,N,4.9,2.7,13.4,2.0,17.9,3.0,N,N,3.3,2.0,1.9,0.6,2.8,0.9,N,N,0.1,0.2,2.0,0.9,2.3,1.2,N,N,1.3,1.3,54198,3942,64409,3112,76325,3016,27085,3278,65161,3045,75071,3956,N,N,41386,5607,24.4,(X),(X),(X),(X),(X),(X),(X),(X),(X),22.5,(X),(X),(X),(X),(X),(X),(X),(X),(X),(X),(X),28.1,(X)
0500000US55055,55055,"Jefferson County, Wisconsin",32613,780,22424,1109,N,N,10189,1102,4.0,1.5,2.3,1.7,N,N,7.7,3.1,3.9,1.3,3.0,1.7,N,N,7.0,3.0,10.4,2.4,5.4,2.1,N,N,22.0,5.5,11.8,2.4,9.6,3.1,N,N,16.4,4.7,18.4,2.6,18.3,4.1,N,N,20.8,5.4,18.4,2.7,19.1,3.6,N,N,15.0,3.9,13.4,2.2,16.0,3.0,N,N,7.0,2.5,13.1,2.4,17.9,3.5,N,N,1.7,1.5,4.5,1.4,6.1,2.0,N,N,1.0,1.0,2.0,0.9,2.3,1.0,N,N,1.3,1.6,51235,2930,63094,5700,75834,4091,32707,3934,68318,5488,76588,4006,N,N,47945,14690,28.0,(X),(X),(X),(X),(X),(X),(X),(X),(X),26.4,(X),(X),(X),(X),(X),(X),(X),(X),(X),(X),(X),27.2,(X)
0500000US55059,55059,"Kenosha County, Wisconsin",62882,1655,41302,2073,30434,1955,21580,1738,7.4,1.7,4.9,1.7,0.8,0.7,14.0,3.6,6.2,1.6,3.4,1.6,1.7,1.5,12.0,3.8,11.6,2.0,7.6,2.3,3.1,1.6,20.2,4.6,8.8,1.7,7.5,2.1,4.5,2.4,12.1,3.2,15.1,2.5,14.1,2.6,12.8,2.6,15.1,4.0,17.7,2.1,19.0,2.5,22.2,3.3,15.0,3.4,12.9,1.6,15.4,2.3,19.8,3.3,6.7,2.0,13.2,2.1,18.4,3.0,22.5,3.7,3.1,1.7,4.3,1.0,6.0,1.5,8.1,2.0,0.7,0.8,2.9,1.2,3.7,1.8,4.5,2.3,1.1,1.0,51013,2790,66213,3519,80436,3692,28333,4648,66271,3978,78935,5706,N,N,39208,4094,32.4,(X),(X),(X),(X),(X),(X),(X),(X),(X),32.9,(X),(X),(X),(X),(X),(X),(X),(X),(X),(X),(X),29.4,(X)
0500000US55063,55063,"La Crosse County, Wisconsin",45632,1089,27746,1530,N,N,17886,1312,6.7,1.8,4.5,2.0,N,N,12.0,4.0,6.8,1.8,2.7,1.4,N,N,12.7,3.9,11.3,2.4,6.4,2.1,N,N,20.1,4.9,9.3,2.1,5.0,1.7,N,N,14.1,3.9,15.0,2.4,14.6,3.1,N,N,16.4,3.9,19.5,2.5,22.8,3.2,N,N,14.1,3.6,16.4,2.4,21.4,3.6,N,N,7.2,2.4,10.4,1.7,15.5,2.7,N,N,2.5,1.6,1.6,0.7,2.5,1.1,N,N,0.2,0.3,3.1,1.1,4.6,1.6,N,N,0.8,0.9,51551,3961,67388,4492,79486,4994,28031,5470,64468,3635,81309,5791,N,N,36938,3134,27.4,(X),(X),(X),(X),(X),(X),(X),(X),(X),25.0,(X),(X),(X),(X),(X),(X),(X),(X),(X),(X),(X),29.3,(X)
0500000US55071,55071,"Manitowoc County, Wisconsin",33343,938,21305,980,N,N,12038,1118,4.7,1.4,2.0,0.9,N,N,10.4,3.6,6.6,1.9,2.0,1.2,N,N,14.9,4.9,11.3,2.1,6.4,2.2,N,N,21.5,4.6,12.9,2.5,10.1,2.7,N,N,17.6,4.5,18.8,3.1,20.7,3.5,N,N,15.5,5.1,18.2,2.3,20.2,2.9,N,N,12.5,3.5,13.2,2.3,18.2,3.2,N,N,3.9,2.2,9.8,1.8,14.1,2.7,N,N,2.3,1.5,1.7,0.9,2.7,1.4,N,N,0.0,0.8,2.9,1.1,3.6,1.4,N,N,1.5,1.3,47181,1759,61592,4402,68311,4893,26516,2825,61447,3368,74959,4816,N,N,36041,3528,21.2,(X),(X),(X),(X),(X),(X),(X),(X),(X),20.5,(X),(X),(X),(X),(X),(X),(X),(X),(X),(X),(X),21.2,(X)
0500000US55073,55073,"Marathon County, Wisconsin",54422,1015,36512,1591,29244,1617,17910,1495,6.5,1.7,4.0,1.8,1.2,0.7,12.0,4.2,5.5,1.5,3.5,1.7,0.8,0.7,12.1,3.5,11.6,1.9,4.5,1.2,4.2,1.4,24.0,5.0,10.4,1.4,9.4,1.9,7.4,1.7,14.4,3.3,13.1,1.9,11.9,1.9,10.2,2.0,15.6,4.1,21.6,2.6,25.6,3.5,27.9,3.7,12.5,3.3,13.0,1.8,16.5,2.2,19.1,2.7,4.6,1.8,13.1,1.8,17.6,2.8,20.8,3.3,3.4,1.3,3.0,0.8,4.3,1.2,5.2,1.5,0.3,0.3,2.2,0.6,2.6,0.8,3.2,1.0,1.0,1.1,51635,1300,63730,3678,72949,3599,26103,3181,66143,3239,78151,3923,87778,4512,38963,6789,23.9,(X),(X),(X),(X),(X),(X),(X),(X),(X),25.8,(X),(X),(X),(X),(X),(X),(X),(X),(X),(X),(X),19.4,(X)
0500000US55079,55079,"Milwaukee County, Wisconsin",381115,3017,218124,4305,134929,3975,162991,3999,9.8,0.7,7.7,0.9,1.9,0.6,14.1,1.2,6.6,0.5,4.9,0.7,1.5,0.4,9.4,1.0,13.7,0.8,11.7,1.0,5.7,0.9,17.5,1.3,12.4,0.8,10.8,1.0,7.9,1.1,14.2,1.2,14.6,0.9,12.3,1.0,11.5,1.1,16.9,1.2,17.2,0.8,18.1,1.0,21.2,1.5,15.1,1.2,10.8,0.6,12.9,0.8,17.2,1.3,7.5,1.0,9.6,0.6,13.8,1.0,21.1,1.4,3.5,0.6,3.0,0.3,4.6,0.6,7.3,0.9,0.8,0.2,2.2,0.3,3.1,0.4,4.8,0.6,1.1,0.3,41959,867,52870,1853,75517,2476,31309,689,58946,1342,70441,2035,93422,3090,41604,1822,28.9,(X),(X),(X),(X),(X),(X),(X),(X),(X),30.6,(X),(X),(X),(X),(X),(X),(X),(X),(X),(X),(X),25.2,(X)
0500000US55087,55087,"Outagamie County, Wisconsin",70571,1082,46708,1612,37204,1387,23863,1495,4.1,1.0,2.8,1.2,0.6,0.4,8.7,2.7,4.4,1.0,2.1,0.9,0.7,0.5,8.9,2.7,10.5,1.6,5.5,1.3,3.3,1.5,20.9,3.7,8.9,1.5,7.8,1.7,6.6,1.6,12.1,2.9,15.4,2.0,13.5,1.9,11.8,2.0,19.8,4.1,22.8,2.2,22.1,2.4,23.0,2.9,20.4,3.9,14.8,1.9,20.0,2.6,23.2,3.1,4.3,1.5,14.4,1.8,19.4,2.4,22.5,3.0,4.4,2.1,2.8,0.7,3.7,1.0,4.7,1.2,0.4,0.5,2.0,0.6,2.9,0.9,3.5,1.1,0.1,0.2,56433,2427,71327,2722,78619,2176,34588,2897,68913,3200,82469,4586,N,N,39647,2885,24.1,(X),(X),(X),(X),(X),(X),(X),(X),(X),26.0,(X),(X),(X),(X),(X),(X),(X),(X),(X),(X),(X),19.4,(X)
0500000US55089,55089,"Ozaukee County, Wisconsin",33805,874,24276,1261,N,N,9529,1113,5.1,1.9,1.6,1.1,N,N,14.1,6.0,2.0,1.2,0.9,0.6,N,N,4.9,3.6,6.9,1.7,4.1,1.5,N,N,14.4,5.2,9.7,2.5,6.4,2.2,N,N,19.4,5.8,12.8,2.3,11.4,2.8,N,N,15.3,4.9,17.1,3.1,18.8,3.4,N,N,12.8,4.7,14.0,2.4,16.8,3.0,N,N,8.9,3.8,17.6,2.8,21.2,3.6,N,N,5.8,3.2,6.9,1.8,9.1,2.6,N,N,1.1,1.5,7.9,2.0,9.7,2.6,N,N,3.3,2.3,70899,5605,81817,5648,89345,6440,33338,4108,99861,9287,114888,10886,N,N,59982,15694,26.4,(X),(X),(X),(X),(X),(X),(X),(X),(X),25.3,(X),(X),(X),(X),(X),(X),(X),(X),(X),(X),(X),29.1,(X)
0500000US55097,55097,"Portage County, Wisconsin",27605,902,16795,1131,N,N,10810,1143,8.2,2.6,2.2,1.2,N,N,17.7,6.3,7.1,2.2,3.6,1.7,N,N,13.8,5.1,10.1,2.3,5.8,2.2,N,N,17.6,5.2,11.0,2.5,8.2,2.6,N,N,14.1,4.5,13.7,2.4,15.1,2.7,N,N,12.1,4.7,20.1,2.8,23.4,4.0,N,N,13.9,4.6,13.0,2.5,17.6,3.7,N,N,6.0,2.7,12.1,2.2,17.5,3.0,N,N,3.3,2.6,3.0,1.2,4.2,1.8,N,N,1.2,1.2,1.7,0.8,2.5,1.2,N,N,0.4,0.4,49872,4552,64717,5510,71678,4776,25470,4976,60387,3667,75729,4808,N,N,35239,4194,25.2,(X),(X),(X),(X),(X),(X),(X),(X),(X),21.7,(X),(X),(X),(X),(X),(X),(X),(X),(X),(X),(X),30.6,(X)
0500000US55101,55101,"Racine County, Wisconsin",72057,1766,46480,2340,34820,2182,25577,2097,7.1,1.7,3.7,1.4,0.5,0.4,14.6,4.1,4.0,0.9,2.9,1.2,0.5,0.4,7.9,2.1,9.9,1.7,5.5,1.6,2.5,1.3,17.7,3.6,11.1,1.7,8.9,2.0,6.7,1.9,14.1,3.1,14.4,2.0,12.9,2.2,11.0,2.4,17.9,4.1,18.1,2.0,19.5,2.4,21.7,2.9,14.9,3.5,12.5,1.6,16.2,2.3,19.7,2.9,5.3,1.8,15.4,1.7,20.5,2.6,25.5,3.1,5.2,2.1,4.9,1.1,6.0,1.5,7.1,1.7,2.1,1.3,2.7,0.7,3.9,1.0,4.8,1.3,0.4,0.5,54209,2985,68486,5655,81869,3671,32146,2943,70215,2764,84037,4191,N,N,41951,3399,34.6,(X),(X),(X),(X),(X),(X),(X),(X),(X),33.0,(X),(X),(X),(X),(X),(X),(X),(X),(X),(X),(X),34.9,(X)
0500000US55105,55105,"Rock County, Wisconsin",64088,1149,43215,1779,30740,1711,20873,1697,6.5,1.5,5.3,1.9,1.3,0.8,12.9,3.4,5.9,1.4,2.8,1.4,1.4,1.1,13.1,3.3,10.9,1.7,7.4,2.1,4.8,2.1,17.8,3.2,14.1,1.8,13.0,2.5,9.7,2.9,15.8,3.1,13.9,1.8,15.1,2.5,14.2,2.7,15.1,3.4,21.1,2.2,22.6,3.0,25.4,3.6,16.1,3.4,12.3,1.7,14.5,2.3,17.5,2.8,4.8,2.1,10.9,1.6,13.4,1.9,17.7,2.5,3.1,1.5,2.8,0.7,3.8,1.0,5.3,1.5,0.6,0.7,1.6,0.6,2.0,0.9,2.6,1.2,0.8,0.8,47118,4696,57791,4770,69905,4480,28873,3587,59182,2451,67108,3080,N,N,37356,3370,26.1,(X),(X),(X),(X),(X),(X),(X),(X),(X),23.8,(X),(X),(X),(X),(X),(X),(X),(X),(X),(X),(X),26.0,(X)
0500000US55109,55109,"St. Croix County, Wisconsin",32541,871,24037,1199,N,N,8504,1203,2.9,1.3,1.5,0.7,N,N,7.9,4.7,3.3,1.8,0.5,0.5,N,N,11.7,6.5,6.7,2.0,5.1,2.2,N,N,14.0,5.5,8.5,2.4,7.0,2.3,N,N,14.4,5.8,10.4,2.2,9.1,2.6,N,N,15.3,4.9,23.4,3.6,23.3,3.7,N,N,20.6,6.7,17.7,2.9,18.8,3.6,N,N,12.6,6.2,15.7,2.3,19.8,3.2,N,N,2.8,1.5,6.0,1.7,8.1,2.4,N,N,0.0,1.1,5.4,1.5,6.7,2.0,N,N,0.8,1.0,67502,4903,79366,7126,91560,5239,36383,7263,86995,7209,100743,9818,N,N,43117,5141,22.3,(X),(X),(X),(X),(X),(X),(X),(X),(X),22.1,(X),(X),(X),(X),(X),(X),(X),(X),(X),(X),(X),21.6,(X)
0500000US55117,55117,"Sheboygan County, Wisconsin",47295,1062,31431,1629,24653,1588,15864,1499,3.9,1.1,2.0,0.8,0.5,0.3,8.8,3.2,5.2,1.4,3.7,1.9,0.9,0.8,9.1,2.8,11.3,2.1,6.4,1.9,5.3,1.8,21.0,4.9,11.4,2.1,9.2,2.1,6.8,2.0,18.9,4.5,17.2,2.2,16.2,2.9,15.3,3.1,16.8,4.1,22.4,2.8,25.0,3.3,26.3,3.5,16.0,4.6,12.9,1.9,16.3,2.8,18.9,3.2,5.7,2.0,11.8,1.7,15.8,2.2,19.1,2.6,3.2,1.5,2.7,1.0,3.9,1.4,5.0,1.8,0.4,0.5,1.1,0.4,1.5,0.6,1.9,0.7,0.2,0.2,50678,2740,61524,2989,70126,3746,31245,2998,61297,2814,72328,4022,N,N,37112,2464,25.8,(X),(X),(X),(X),(X),(X),(X),(X),(X),26.4,(X),(X),(X),(X),(X),(X),(X),(X),(X),(X),(X),22.9,(X)
0500000US55127,55127,"Walworth County, Wisconsin",40292,1454,27004,1348,21760,1622,13288,1167,6.8,1.6,3.3,1.6,0.4,0.4,16.3,4.7,3.6,1.1,1.4,0.9,0.8,0.6,8.7,2.8,12.5,3.1,8.2,2.9,6.2,3.2,20.5,6.0,12.7,2.2,9.0,2.2,8.3,2.4,20.0,5.6,12.0,2.1,12.7,2.8,11.5,2.9,11.0,3.0,19.0,2.6,19.6,3.3,19.7,3.7,15.2,4.3,12.3,1.8,16.5,2.4,19.3,3.0,3.1,1.7,14.5,2.2,19.7,3.4,22.5,4.0,4.0,1.3,3.5,1.1,4.9,1.6,5.9,1.9,0.6,0.7,3.2,0.9,4.4,1.4,5.5,1.7,0.6,0.5,52057,2882,68715,5260,77847,4129,26516,2074,69335,3595,84170,5316,N,N,35909,3252,31.1,(X),(X),(X),(X),(X),(X),(X),(X),(X),30.1,(X),(X),(X),(X),(X),(X),(X),(X),(X),(X),(X),31.1,(X)
0500000US55131,55131,"Washington County, Wisconsin",52779,885,37087,1622,N,N,15692,1658,3.7,1.5,2.3,1.3,N,N,10.8,5.0,3.5,1.5,2.2,1.4,N,N,7.0,3.9,6.2,1.5,3.8,1.4,N,N,12.1,3.7,8.4,1.8,5.4,1.8,N,N,15.0,4.2,13.2,1.8,11.6,2.0,N,N,17.6,4.1,20.7,2.4,19.8,2.8,N,N,21.4,4.8,17.2,2.0,19.2,2.6,N,N,10.3,3.3,17.7,2.1,23.0,2.9,N,N,4.2,2.1,5.5,1.4,7.3,2.0,N,N,1.5,1.4,3.9,1.2,5.5,1.6,N,N,0.0,0.6,66391,3051,81182,4444,92029,3150,38056,5526,79171,4011,92522,5139,N,N,44149,3615,25.4,(X),(X),(X),(X),(X),(X),(X),(X),(X),25.3,(X),(X),(X),(X),(X),(X),(X),(X),(X),(X),(X),23.7,(X)
0500000US55133,55133,"Waukesha County, Wisconsin",155263,1473,108347,2873,93435,3107,46916,2880,3.1,0.6,1.8,0.6,0.9,0.4,6.4,1.5,3.4,0.8,1.7,0.7,0.5,0.3,7.2,1.9,6.4,0.7,2.6,0.6,1.7,0.5,15.7,2.2,8.7,1.0,5.1,0.8,4.6,0.8,16.7,2.5,10.1,1.2,8.5,1.1,7.8,1.1,13.9,2.6,18.1,1.3,17.6,1.4,17.0,1.6,20.5,2.7,15.4,1.1,17.7,1.5,18.5,1.7,9.1,1.6,20.0,1.2,25.0,1.5,26.8,1.7,7.4,1.7,7.6,0.9,10.4,1.2,11.3,1.3,1.2,0.6,7.3,0.9,9.5,1.1,11.0,1.2,1.9,1.1,75368,1928,92056,1910,98564,2906,40046,4440,94168,2720,111652,3563,119558,3797,51892,3680,27.1,(X),(X),(X),(X),(X),(X),(X),(X),(X),26.8,(X),(X),(X),(X),(X),(X),(X),(X),(X),(X),(X),27.0,(X)
0500000US55139,55139,"Winnebago County, Wisconsin",68985,1466,41587,1996,32352,1761,27398,1668,5.5,1.3,2.6,1.0,0.9,0.6,9.9,2.8,6.7,1.6,3.7,1.6,0.7,0.5,11.9,3.5,11.9,1.6,6.2,1.8,3.9,1.7,20.9,3.6,11.2,1.9,8.6,1.9,7.3,2.2,15.3,3.3,15.0,2.0,14.7,2.7,13.6,2.8,15.2,3.0,21.2,2.6,22.4,3.1,22.7,3.5,19.0,3.9,11.8,1.6,17.8,2.5,21.7,2.9,2.7,1.1,11.9,1.7,16.9,2.4,20.3,3.1,3.9,2.6,2.4,0.8,3.4,1.2,4.3,1.6,0.6,0.5,2.4,0.7,3.7,1.2,4.6,1.5,0.6,0.5,49776,2067,65064,4068,76124,5355,30589,3308,63327,2929,79142,4704,N,N,37816,3432,27.5,(X),(X),(X),(X),(X),(X),(X),(X),(X),29.8,(X),(X),(X),(X),(X),(X),(X),(X),(X),(X),(X),24.0,(X)
0500000US55141,55141,"Wood County, Wisconsin",31724,868,20045,1051,N,N,11679,1124,5.1,1.7,1.7,1.1,N,N,10.9,4.1,7.2,2.3,4.7,2.5,N,N,11.9,4.3,15.2,2.9,7.2,2.6,N,N,28.8,6.3,12.1,2.4,9.8,2.8,N,N,16.0,4.3,12.7,2.4,13.4,3.1,N,N,12.1,3.9,23.0,3.5,27.8,4.1,N,N,13.9,5.1,11.0,2.0,15.2,2.9,N,N,3.8,2.2,9.2,1.7,13.7,2.8,N,N,1.3,1.1,2.2,1.0,3.5,1.6,N,N,0.0,0.8,2.3,1.0,3.0,1.3,N,N,1.1,1.3,47726,3909,62576,5196,70108,3912,24137,5057,62062,6083,76266,6606,N,N,37335,9391,24.7,(X),(X),(X),(X),(X),(X),(X),(X),(X),24.4,(X),(X),(X),(X),(X),(X),(X),(X),(X),(X),(X),25.2,(X)
0500000US56021,56021,"Laramie County, Wyoming",35785,1398,24724,1390,N,N,11061,1489,3.0,1.4,4.5,2.1,N,N,3.8,2.4,3.4,1.5,0.6,0.6,N,N,9.8,4.8,8.2,2.6,3.0,1.5,N,N,17.7,6.5,12.9,3.0,6.0,2.6,N,N,28.4,7.5,13.4,3.2,12.5,4.1,N,N,16.2,5.3,18.8,3.3,20.7,3.9,N,N,12.8,4.8,16.0,3.3,21.0,4.5,N,N,4.4,2.4,17.5,3.1,23.0,4.1,N,N,5.0,2.7,4.4,1.5,5.8,1.8,N,N,1.1,1.5,2.3,1.2,3.0,1.7,N,N,0.7,1.2,61661,3836,80429,7008,86429,4106,31378,1681,72830,4089,85262,5506,N,N,42530,5335,18.5,(X),(X),(X),(X),(X),(X),(X),(X),(X),16.8,(X),(X),(X),(X),(X),(X),(X),(X),(X),(X),(X),21.3,(X)
0500000US56025,56025,"Natrona County, Wyoming",32665,943,21097,1381,N,N,11568,1427,3.2,1.6,2.7,1.6,N,N,4.5,3.4,6.5,2.4,2.1,1.2,N,N,14.0,6.3,8.6,2.4,7.2,2.7,N,N,13.0,5.2,8.9,2.6,5.2,2.6,N,N,15.8,5.3,17.9,3.6,16.0,4.2,N,N,22.1,6.8,20.5,3.5,19.5,4.0,N,N,20.2,6.4,12.1,2.5,15.7,3.4,N,N,4.9,3.0,12.4,2.5,17.7,3.6,N,N,2.8,2.2,3.9,1.4,5.8,1.9,N,N,1.0,1.6,6.0,2.2,8.1,3.2,N,N,1.9,2.0,58635,6185,71561,6857,86818,7434,37793,5481,74571,5459,88538,6765,N,N,47060,8279,26.8,(X),(X),(X),(X),(X),(X),(X),(X),(X),28.1,(X),(X),(X),(X),(X),(X),(X),(X),(X),(X),(X),23.7,(X)
